
9.999796011352771741e-01 2.521053962569363288e-03
9.871646180977450280e-01 4.729708919317733053e-03
9.743394760825930812e-01 6.895689215446262378e-03
9.615045041387115798e-01 9.021268900986211675e-03
9.486600618710879784e-01 1.110872062050085457e-02
9.358065079783285389e-01 1.316032106690430241e-02
9.229441776887687965e-01 1.517835447136178448e-02
9.100734540208189616e-01 1.716510139712879024e-02
8.971946605109266670e-01 1.912285550535571324e-02
8.843081831361960798e-01 2.105390474595993447e-02
8.714143628316670664e-01 2.296054780461174311e-02
8.585135634716254405e-01 2.484508379616771206e-02
8.456061506704577457e-01 2.670981552079234461e-02
8.326924671582959236e-01 2.855705297649822200e-02
8.197729013770914674e-01 3.038910353189075084e-02
8.068477774092263077e-01 3.220828762437677462e-02
7.939174942720228501e-01 3.401691903172408826e-02
7.809823872768122399e-01 3.581732442781728615e-02
7.680428369984753090e-01 3.761182809815526162e-02
7.550991987285347040e-01 3.940276180278745599e-02
7.421521149723723232e-01 4.119242155218022505e-02
7.292068953546022581e-01 4.298246140543347804e-02
7.162658691751504492e-01 4.477494598154396765e-02
7.033280665023153855e-01 4.656947618175974468e-02
6.904189081358287350e-01 4.834546364592714335e-02
6.775392474828325629e-01 5.008016261956160092e-02
6.646861782410600217e-01 5.175170097834423666e-02
6.518565087977288286e-01 5.333859589053635553e-02
6.390461279460234456e-01 5.481983484235200543e-02
6.262031684483765348e-01 5.619292190678303739e-02
6.133012255435562610e-01 5.748622253048832342e-02
6.003437885901193871e-01 5.873074270019696536e-02
5.873404636947874291e-01 5.995763218146628326e-02
5.743651725448882805e-01 6.119252563733782596e-02
5.614059676060343396e-01 6.245953903181180461e-02
5.484358335278755048e-01 6.375619050011806233e-02
5.354532251034230805e-01 6.507241037593118616e-02
5.224578016513248269e-01 6.639793231631641035e-02
5.094691013093531895e-01 6.772040030996007154e-02
4.964952302368496051e-01 6.902864742433953427e-02
4.835347619949544318e-01 7.031255201643456243e-02
4.705863586109613195e-01 7.156205779920232768e-02
4.576485108348264386e-01 7.276719819132690392e-02
4.447199649424014023e-01 7.391805503127216181e-02
4.317990718158079000e-01 7.500481916953255501e-02
4.188778049596985076e-01 7.602009161612741095e-02
4.059522858154924196e-01 7.696116832607366454e-02
3.930234771972485608e-01 7.782580402809791131e-02
3.800923880110647635e-01 7.861175438164401397e-02
3.671599735149395083e-01 7.931678261141368591e-02
3.542272172271899167e-01 7.993865422264292975e-02
3.412951089303826180e-01 8.047513883200188567e-02
3.283646003084440546e-01 8.092401186932023094e-02
3.154366870745574647e-01 8.128305136276479936e-02
3.025123271555845705e-01 8.155004097247049721e-02
2.895924807404317569e-01 8.172276834472270990e-02
2.766782722141346018e-01 8.179902163842438234e-02
2.637746061513218110e-01 8.177548118640878827e-02
2.508840623076179499e-01 8.164614227702364502e-02
2.380067554208165626e-01 8.140462901456804734e-02
2.251427072556929643e-01 8.104459293238627793e-02
2.122920337417036341e-01 8.055971618830017056e-02
1.994547624931594099e-01 7.994370615952978154e-02
1.866308849039956252e-01 7.919029378308774236e-02
1.738204630169035425e-01 7.829323898379830782e-02
1.610234436526344903e-01 7.724631782710111860e-02
1.482397595960280312e-01 7.604332504960099881e-02
1.354756302090850684e-01 7.467830340533317124e-02
1.227964278429833633e-01 7.313267342491017176e-02
1.102384371857812323e-01 7.136015515502269757e-02
9.782371060232582238e-02 6.931327981253564141e-02
8.557361956914071033e-02 6.694671899893477052e-02
7.350778038733003783e-02 6.421702704473067347e-02
6.164422994072903811e-02 6.108249278111369668e-02
4.999907791454046013e-02 5.750279564205179605e-02
3.858610485522465106e-02 5.343846569600961549e-02
2.741957687530219290e-02 4.885150671599036709e-02
1.728076920794092627e-02 4.392663957124065544e-02
8.989908550833428796e-03 3.850712691018598477e-02
2.780006598223573339e-03 3.259767821013062616e-02
4.014092446071599175e-04 2.827042392253266770e-02
1.743255066207368938e-04 2.467498275611302444e-02
1.535293648295611713e-03 2.183276258100643255e-02
6.160732485787361219e-03 1.807638215513716201e-02
1.361240080191485416e-02 1.476674005817001437e-02
2.412736050460660697e-02 1.225207800360140174e-02
3.630807803969705871e-02 1.009105227162938358e-02
4.862890612690071168e-02 8.345923927552088839e-03
6.109899612422509813e-02 6.941947056470864838e-03
7.372532532747072542e-02 5.800410402679698381e-03
8.650116207864809448e-02 4.839720017749379703e-03
9.933851787575379011e-02 4.012997601828370911e-03
1.122143419693906047e-01 3.305226109786369316e-03
1.251243636852015229e-01 2.701890236033605616e-03
1.380641095538063245e-01 2.188315356576771287e-03
1.510267340547026271e-01 1.750031832800935617e-03
1.639993943554745037e-01 1.377629530999692140e-03
1.769805621497476111e-01 1.065424337088914219e-03
1.899703713223508394e-01 8.077803857841111667e-04
2.029688879001796398e-01 5.990408897819416052e-04
2.159761675103721024e-01 4.335260298151764197e-04
2.289923432662712421e-01 3.055319561377002092e-04
2.420174134741542582e-01 2.093329281274042037e-04
2.550515269675635577e-01 1.391784158691171662e-04
2.680946925582365914e-01 8.929522810495487848e-05
2.811470162727412458e-01 5.388586831700130565e-05
2.942072421397704529e-01 2.729080871092623659e-05
3.072694291755202478e-01 6.566810321404802152e-06
3.203327752680546481e-01 -8.952601977852553405e-06
3.333972444351994135e-01 -1.986445449567028081e-05
3.464628156032306672e-01 -2.676603857276967067e-05
3.595294498380919301e-01 -3.025488501942921084e-05
3.725971256729445069e-01 -3.092878387274877391e-05
3.856658068676110385e-01 -2.938577346754300183e-05
3.987354680836980858e-01 -2.622414432915463387e-05
4.118060775555331121e-01 -2.204243921201745016e-05
4.248775172140019096e-01 -1.743948368251574857e-05
4.379485734582690970e-01 -1.300540818156954491e-05
4.510194737276980725e-01 -9.052661717733453129e-06
4.640903685611791896e-01 -5.575699382147540772e-06
4.771612596441895948e-01 -2.551531690849320804e-06
4.902321493400002561e-01 4.283137720832719015e-08
5.033030393128660185e-01 2.230380062293683427e-06
5.163739318214684015e-01 4.034105090070665934e-06
5.294448286974305917e-01 5.476997486966786275e-06
5.425157320320487253e-01 6.582048687589611107e-06
5.555866438242134109e-01 7.372250484348074714e-06
5.686575659979400399e-01 7.870595039417628726e-06
5.817285007192815049e-01 8.100074894547813843e-06
5.947994497450765916e-01 8.083682954550086062e-06
6.078704154084344502e-01 7.844412497407342097e-06
6.209413993570536139e-01 7.405257179727823915e-06
6.340124039172133630e-01 6.789211013215368476e-06
6.470834308268463841e-01 6.019268402812786194e-06
6.601544822708964588e-01 5.118424103341461709e-06
6.732255601540584333e-01 4.109673257066490911e-06
6.862966664945044926e-01 3.016011370787267109e-06
6.993678033635799540e-01 1.860434317368923592e-06
7.124389726127984268e-01 6.659383606555281941e-07
7.255101727274806400e-01 -5.444795515173419707e-07
7.385813562604939264e-01 -1.747817931721387841e-06
7.516525077068972882e-01 -2.921078400004879196e-06
7.647236294307750981e-01 -4.041264595700908921e-06
7.777947231574924292e-01 -5.085380473214317383e-06
7.908657910845587891e-01 -6.030430398128345234e-06
8.039368351040370175e-01 -6.853419083084756846e-06
8.170078572467465161e-01 -7.531351622956216829e-06
8.300788595715591356e-01 -8.041233483714045171e-06
8.431498439424949254e-01 -8.360070496075209249e-06
8.562208125853455476e-01 -8.464868870895259607e-06
8.692917671972232307e-01 -8.332635184809845873e-06
8.823627101248654458e-01 -7.940376383439243986e-06
8.954336430366079957e-01 -7.265099797331555077e-06
9.085045682244885512e-01 -6.283813104534970738e-06
9.215754874865926816e-01 -4.973524381989306675e-06
9.346464029477548063e-01 -3.311242053201136158e-06
9.477173165733817628e-01 -1.273974926557791413e-06
9.607882303210025787e-01 1.161267812495626002e-06
9.738591463234466117e-01 4.017476642597391844e-06
9.869300663708382437e-01 7.317641596345700984e-06
1.000000992763529384e+00 1.108475246143877532e-05
