
9.999821867064958569e-01 -4.301991419157776784e-05
9.876061201917245569e-01 3.501829832924446134e-03
9.751813839936627204e-01 6.902096077398410523e-03
9.627102351559942983e-01 1.016226450641396183e-02
9.501949141310621627e-01 1.328684236192215901e-02
9.376377857590675324e-01 1.628032443977499646e-02
9.250411473966718701e-01 1.914724220312204878e-02
9.124073264484967583e-01 2.189213902809580142e-02
8.997387231838048782e-01 2.451956270630857582e-02
8.870376573203527792e-01 2.703409811752494063e-02
8.743065454348430965e-01 2.944033032705041866e-02
8.615477962333238926e-01 3.174286688292339564e-02
8.487637598377522075e-01 3.394634548470646523e-02
8.359569185015015558e-01 3.605540062521553346e-02
8.231298590115871949e-01 3.807466128310000447e-02
8.102878721442227095e-01 4.000725736091156198e-02
7.974328708943201338e-01 4.185482695378067025e-02
7.845652006440477777e-01 4.361903473429302319e-02
7.716852537912499699e-01 4.530154056325510353e-02
7.587933857382724856e-01 4.690401117987574170e-02
7.458899747393776813e-01 4.842811215550093390e-02
7.329754020212577714e-01 4.987551076997294441e-02
7.200500256307642566e-01 5.124787879252996198e-02
7.071142462931730988e-01 5.254688538593331459e-02
6.941684248919797184e-01 5.377420590898594754e-02
6.812129542169131913e-01 5.493151458825659694e-02
6.682482168583779858e-01 5.602048880574524853e-02
6.552745860672904987e-01 5.704280874968227499e-02
6.422924663976606885e-01 5.800015427835364390e-02
6.293022201951812278e-01 5.889421056795974413e-02
6.163042570134993348e-01 5.972666156583832098e-02
6.032989544417756145e-01 6.049919561670021040e-02
5.902867033947659658e-01 6.121350232699489941e-02
5.772679037030373772e-01 6.187127306952542455e-02
5.642429280934510016e-01 6.247420274932646150e-02
5.512121923285948633e-01 6.302398641498750675e-02
5.381760672537916346e-01 6.352232330291236739e-02
5.251349638348729032e-01 6.397091318318832986e-02
5.120892684563912445e-01 6.437145897558729790e-02
4.990393750195759592e-01 6.472566547008878901e-02
4.859877569693129007e-01 6.503481389084142528e-02
4.729383408772617758e-01 6.529775302665039027e-02
4.598915222057596286e-01 6.551247538665966319e-02
4.468476486837327788e-01 6.567697567224549393e-02
4.338070182049920676e-01 6.578925229750132164e-02
4.207699610965440207e-01 6.584730619814814501e-02
4.077367960545738579e-01 6.584914143113444751e-02
3.947078291938393435e-01 6.579276493426913786e-02
3.816834006871565044e-01 6.567618677141073835e-02
3.686637989060081999e-01 6.549741956581522917e-02
3.556493624859363711e-01 6.525447941280859698e-02
3.426403891034986438e-01 6.494538474387870353e-02
3.296371940950681978e-01 6.456815714172142728e-02
3.166400979601355359e-01 6.412082134567045899e-02
3.036493895572996427e-01 6.360140383587330193e-02
2.906654050997942718e-01 6.300793577983103411e-02
2.776884244753806130e-01 6.233844875920521722e-02
2.647187636632266083e-01 6.159097870696510907e-02
2.517567264609560929e-01 6.076356376930024811e-02
2.388025966472059891e-01 5.985424335848810173e-02
2.258567018627666290e-01 5.886106260682971020e-02
2.129193074583018708e-01 5.778206460733033289e-02
1.999907210964347870e-01 5.661529810293889492e-02
1.870712326979235285e-01 5.535881287484429453e-02
1.741611152927944051e-01 5.401065920342247584e-02
1.612606816747244043e-01 5.256889376880861942e-02
1.483701858283520136e-01 5.103156898469139724e-02
1.354993496919399409e-01 4.939703500753773319e-02
1.227140728012383053e-01 4.764760561045872783e-02
1.100392469006805929e-01 4.573685128728294247e-02
9.748926985113977317e-02 4.361773541133603938e-02
8.507775949054746656e-02 4.124500944024685201e-02
7.281710362806298464e-02 3.857502748066204967e-02
6.071891698733121456e-02 3.556569621168845924e-02
4.879345969456429927e-02 3.217616383030414556e-02
3.704942308856003230e-02 2.836646490869454071e-02
2.603785183849855259e-02 2.419796535707377863e-02
1.635863508753152007e-02 1.945725099337519345e-02
8.008855318797632877e-03 1.383486194888215379e-02
2.654096277323257560e-03 8.301835681722973675e-03
2.463404823199731889e-04 3.151565163174344965e-03
2.034462252528787714e-04 -2.841259723027268649e-04
1.934120760712539078e-03 -3.519882359159491863e-03
7.029672003426698859e-03 -7.958040560367037053e-03
1.427449810212923567e-02 -1.147372614624657741e-02
2.422124747375131379e-02 -1.408450578757716384e-02
3.655968960413510938e-02 -1.634116547052731974e-02
4.906201870424559131e-02 -1.824783848612159323e-02
6.163183176624476012e-02 -1.982559493509472928e-02
7.427174489489386799e-02 -2.111300009839884098e-02
8.698309844700000126e-02 -2.214945422301287797e-02
9.976697285838535822e-02 -2.297547784953692801e-02
1.126244499301259361e-01 -2.363282935676587135e-02
1.255557589726527534e-01 -2.416455793954685669e-02
1.385529149708213947e-01 -2.461402936308522763e-02
1.515649414793535099e-01 -2.500365818505377591e-02
1.645822009005158959e-01 -2.533594849816215785e-02
1.776045518612210938e-01 -2.561271639688708981e-02
1.906318167338389991e-01 -2.583577945301175280e-02
2.036638346285125079e-01 -2.600695804996095220e-02
2.167004466024469445e-01 -2.612807493748008428e-02
2.297414704308936018e-01 -2.620095510531856783e-02
2.427867653535106252e-01 -2.622742621627158210e-02
2.558361362173581788e-01 -2.620931817982271803e-02
2.688894378857367706e-01 -2.614846340514274947e-02
2.819464868653470124e-01 -2.604669681619335361e-02
2.950071212008631427e-01 -2.590585570813898342e-02
3.080711742279438892e-01 -2.572777981741002432e-02
3.211384663011881968e-01 -2.551431153590474898e-02
3.342088469697900299e-01 -2.526729522362317071e-02
3.472821220823910648e-01 -2.498857848659173306e-02
3.603581503068355452e-01 -2.468001030013884309e-02
3.734367357465921411e-01 -2.434344329888373307e-02
3.865177275030861059e-01 -2.398073148404345975e-02
3.996009443903708602e-01 -2.359373207666859776e-02
4.126862212055158463e-01 -2.318430430589015975e-02
4.257733908061924200e-01 -2.275430987407498287e-02
4.388622746176035205e-01 -2.230561330755377603e-02
4.519527188702896492e-01 -2.184008071918494207e-02
4.650438714835342102e-01 -2.135948849117780268e-02
4.781343421743730060e-01 -2.086474961624759997e-02
4.912241508359724840e-01 -2.035632324312102934e-02
5.043133858156068072e-01 -1.983466410825156234e-02
5.174021234050066864e-01 -1.930022756411112900e-02
5.304904494216293731e-01 -1.875346872619873539e-02
5.435784429875791801e-01 -1.819484312863974343e-02
5.566661870488410768e-01 -1.762480629197874654e-02
5.697537635249001475e-01 -1.704381392423255995e-02
5.828412525321134963e-01 -1.645232196108635178e-02
5.959287387520407764e-01 -1.585078627797082904e-02
6.090162995148997727e-01 -1.523966323415834080e-02
6.221040222268864328e-01 -1.461940886728887307e-02
6.351919818176807730e-01 -1.399047995058172629e-02
6.482802673567706897e-01 -1.335333272937262901e-02
6.613689534214106658e-01 -1.270842429729823059e-02
6.744581274227341439e-01 -1.205621126925825702e-02
6.875478665505501130e-01 -1.139715091337429285e-02
7.006382556013822649e-01 -1.073170026672030757e-02
7.137293743365864529e-01 -1.006031676850650119e-02
7.268213049843101903e-01 -9.383457882031676425e-03
7.399141298348191897e-01 -8.701581215360533125e-03
7.530079285950705970e-01 -8.015144660668410692e-03
7.661027860400851930e-01 -7.324605993772730431e-03
7.791987794036630000e-01 -6.630423537023768209e-03
7.922959959000024366e-01 -5.933055233989488822e-03
8.053945104183390935e-01 -5.232959832913719467e-03
8.184944123257018589e-01 -4.530595458995921240e-03
8.315957755444773891e-01 -3.826421213661636116e-03
8.446986882000497854e-01 -3.120895585974600272e-03
8.577957588244301546e-01 -2.416307110194989768e-03
8.708654390240732068e-01 -1.727498946025916946e-03
8.839064631982018749e-01 -1.073867872236876093e-03
8.969189562779564806e-01 -4.745154452227182910e-04
9.099029744134874420e-01 5.171298570356610148e-05
9.228588254125830170e-01 4.862367711402698287e-04
9.357864071241277504e-01 8.107123386591562732e-04
9.486860849838716359e-01 1.007057327004441758e-03
9.615580623056497744e-01 1.057423608998944633e-03
9.744024151478141160e-01 9.442007412140650258e-04
9.872196963592079211e-01 6.500024538485038106e-04
1.000010338758719142e+00 1.576531257994893455e-04
