
1.000004583779711576e+00 1.336831674612711960e-03
9.884566182756153729e-01 4.862816012865902628e-03
9.764377876981494842e-01 7.810439666899234371e-03
9.639636032807678001e-01 1.035766510010010209e-02
9.511060318698321137e-01 1.270059594081093639e-02
9.381491386095267559e-01 1.491782982878010581e-02
9.251434535887128607e-01 1.702593844955767322e-02
9.120916831328058638e-01 1.904550994818043214e-02
8.989965291378732015e-01 2.099744698251013869e-02
8.858606219559259642e-01 2.290298096350935897e-02
8.726869524581574167e-01 2.478361600702611717e-02
8.594922127246702459e-01 2.665923691440400672e-02
8.463269870795789851e-01 2.854506393894372732e-02
8.331958738478428828e-01 3.046233055707419160e-02
8.200810568338444684e-01 3.242713105791909106e-02
8.069799664165563380e-01 3.444424559895788857e-02
7.938938615100503693e-01 3.651741558050332348e-02
7.808240862357449519e-01 3.865035834085137068e-02
7.677719229791037936e-01 4.084679010206881261e-02
7.547386781507936515e-01 4.311041232780167543e-02
7.417256595145197418e-01 4.544491510780312299e-02
7.287247244382817346e-01 4.785414437555632339e-02
7.157138235151316863e-01 5.033214607015781134e-02
7.026884337674830228e-01 5.286378969163531283e-02
6.896443241090550735e-01 5.543368496565345693e-02
6.765777095622271808e-01 5.802617523068477612e-02
6.635046640427646469e-01 6.062147780086516585e-02
6.504551885610332373e-01 6.319524142312384074e-02
6.374301088161644646e-01 6.572516515518778135e-02
6.244266944866103675e-01 6.818944857239815638e-02
6.114425277860463526e-01 7.056656679612344218e-02
5.984751835334569670e-01 7.283532874505918575e-02
5.855220854965440536e-01 7.497489391210809817e-02
5.725811389585411249e-01 7.696466312240546337e-02
5.596496363962772946e-01 7.878444825635588789e-02
5.467055249627993385e-01 8.042044520659066831e-02
5.337148908498853261e-01 8.188369709953619013e-02
5.206798231877632910e-01 8.318989163903012241e-02
5.076031722096852050e-01 8.435482395921740928e-02
4.944880146430222778e-01 8.539445799153032313e-02
4.813386302694294128e-01 8.632480770862351049e-02
4.681755673905488302e-01 8.715523367658707665e-02
4.550068351280753265e-01 8.788583559008653068e-02
4.418333887284754957e-01 8.851614878901868655e-02
4.286561759004046679e-01 8.904570968294063527e-02
4.154761464184414388e-01 8.947405520211454411e-02
4.022942522402523369e-01 8.980072288990495477e-02
3.891114371041582976e-01 9.002525114053397393e-02
3.759286555938546881e-01 9.014717879427028291e-02
3.627468492643596831e-01 9.016604551841939097e-02
3.495669678648283818e-01 9.008139153448281589e-02
3.363899576139823266e-01 8.989275774401267460e-02
3.232167606356948220e-01 8.959968559323253090e-02
3.100483282688429321e-01 8.920171738397740524e-02
2.968883709382937330e-01 8.869805505242484012e-02
2.837446262908139283e-01 8.808424395272973495e-02
2.706185866874713519e-01 8.735368121446401846e-02
2.575114169633530570e-01 8.649976795947335317e-02
2.444243484920267939e-01 8.551594221496541803e-02
2.313584450115556967e-01 8.439566120905807323e-02
2.183148905652116945e-01 8.313242182551783266e-02
2.052947675823340590e-01 8.171974195217655834e-02
1.922991155358769744e-01 8.015116187719785457e-02
1.793290684386194545e-01 7.842026051143680121e-02
1.663855655829205582e-01 7.652061694711136119e-02
1.534698946221336735e-01 7.444588696863553567e-02
1.406235662232914185e-01 7.218830804626175102e-02
1.278965036679136913e-01 6.971405194567896479e-02
1.153115457476368844e-01 6.698038885183373037e-02
1.028910651027879347e-01 6.394632777471309648e-02
9.065564888851829206e-02 6.057226709529174580e-02
7.862474772613803342e-02 5.682001643053237461e-02
6.681622940022392820e-02 5.265250339744530217e-02
5.524606871162381083e-02 4.803337284828865933e-02
4.396984789286334516e-02 4.294203908861953661e-02
3.335520565436680268e-02 3.740143291804142595e-02
2.358419220465881455e-02 3.126850065091490299e-02
1.473177348425735132e-02 2.438869138457392879e-02
7.401217937316026743e-03 1.706913835246559250e-02
2.655058130640057870e-03 9.915074307402889017e-03
3.621398806707381950e-04 2.903592003476269598e-03
4.521016500453690955e-04 -2.520719522918896810e-03
2.387113737796164176e-03 -6.697563072958506551e-03
7.565000648973569872e-03 -1.172346998153055847e-02
1.556668099112247690e-02 -1.656996065325948980e-02
2.632731399227861493e-02 -2.113044606668072062e-02
3.837716160856435160e-02 -2.559592899872889515e-02
5.053945958143858663e-02 -2.970268974197824360e-02
6.281178264754540275e-02 -3.347745765126612649e-02
7.519128307016666179e-02 -3.694707616429910441e-02
8.767448307293568277e-02 -4.013856814414386298e-02
1.002572282273961196e-01 -4.307924740054937945e-02
1.129350899823420989e-01 -4.579690532561974531e-02
1.257014177934572818e-01 -4.831933509124296949e-02
1.385271435949191887e-01 -5.066223662981850923e-02
1.514014662376676479e-01 -5.283253852285676316e-02
1.643211502062581486e-01 -5.483764745747735786e-02
1.772827769805073728e-01 -5.668499186661625500e-02
1.902830430696690611e-01 -5.838206904790258639e-02
2.033185328639122713e-01 -5.993641123555402961e-02
2.163857645541713004e-01 -6.135559534529443082e-02
2.294814036199862572e-01 -6.264726487748503714e-02
2.426018585387966775e-01 -6.381908742430035530e-02
2.557436982053082897e-01 -6.487879694085586790e-02
2.689033487985299509e-01 -6.583416470730528436e-02
2.820706897898487830e-01 -6.669089479165792034e-02
2.952389457381478510e-01 -6.744913037386525423e-02
3.084079941312205531e-01 -6.810820560837377302e-02
3.215777155732010839e-01 -6.866745494961783158e-02
3.347480049192718687e-01 -6.912621337751270745e-02
3.479187527030730420e-01 -6.948381541379559934e-02
3.610898471373360508e-01 -6.973959531170154102e-02
3.742611885934418181e-01 -6.989288725160915094e-02
3.874326617993480437e-01 -6.994302486115258621e-02
4.006041706451788920e-01 -6.988934154219453299e-02
4.137756072879018032e-01 -6.973117019836697072e-02
4.269468694057624303e-01 -6.946784327698897477e-02
4.401178593277390583e-01 -6.909869256654355141e-02
4.532846500190295669e-01 -6.862265969320920089e-02
4.664341115605397659e-01 -6.803323886943095367e-02
4.795619886255798603e-01 -6.732009028784799454e-02
4.926649824885289686e-01 -6.647286909744326566e-02
5.057398342551691073e-01 -6.548131007372215429e-02
5.187831244500710204e-01 -6.433524531520966316e-02
5.317917624249454134e-01 -6.302456361070558899e-02
5.447625147936656642e-01 -6.153924748166344355e-02
5.576956688027125963e-01 -5.986913528754825298e-02
5.706273457081282308e-01 -5.801191577545163763e-02
5.835711307308150131e-01 -5.598692363546330791e-02
5.965296709626334293e-01 -5.381678860173593620e-02
6.095054405289004329e-01 -5.152456207066419963e-02
6.225014804664095180e-01 -4.913359369202262988e-02
6.355179554982753887e-01 -4.666779445662693621e-02
6.485531858537545435e-01 -4.414843588401715785e-02
6.616107575364924553e-01 -4.159432672507498013e-02
6.746882605232004115e-01 -3.902570001028328461e-02
6.877469892652399164e-01 -3.647008442354873065e-02
7.007825397621223473e-01 -3.394812054724387351e-02
7.137989750878630524e-01 -3.147852790907914450e-02
7.268003340661081113e-01 -2.907977662097344096e-02
7.397911537165252627e-01 -2.676997954755375164e-02
7.527926637109504382e-01 -2.455873665222048710e-02
7.658132024958219652e-01 -2.244547555629346908e-02
7.788507907936410568e-01 -2.042969716687805318e-02
7.919034660501262923e-01 -1.851089747501610122e-02
8.049692569060207248e-01 -1.668857174107035019e-02
8.180477164413700875e-01 -1.496178323748822633e-02
8.311415330568362458e-01 -1.332718897473958962e-02
8.442507235777098051e-01 -1.178076606584310161e-02
8.573752242165938453e-01 -1.031848461136383906e-02
8.705148706114343993e-01 -8.936315728798291044e-03
8.836695571343700095e-01 -7.630213000956870273e-03
8.968391483017205124e-01 -6.396122154030952668e-03
9.100234903094415184e-01 -5.229979136726161694e-03
9.232224752421887004e-01 -4.127704397472478810e-03
9.364359060970426363e-01 -3.085214240822426856e-03
9.496492660899624738e-01 -2.100248680169547293e-03
9.626503573040288142e-01 -1.251928774415408127e-03
9.753690257355299709e-01 -7.149139711061622444e-04
9.878166539650302669e-01 -6.474920651760985137e-04
1.000010200623935530e+00 -1.188380168960610208e-03
