
1.000002068262330512e+00 -3.043212672888986989e-05
9.874065771430988736e-01 4.188920095052870579e-03
9.747317049649194542e-01 8.556923450335597939e-03
9.620721598073317393e-01 1.292106004714457107e-02
9.494964011762631051e-01 1.714327620700456176e-02
9.368673621359283610e-01 2.122911814607083766e-02
9.241792348398722989e-01 2.518398481762807589e-02
9.114366014465368204e-01 2.901049188033292398e-02
8.986439879351956206e-01 3.271129059960652813e-02
8.858060309463882120e-01 3.628901794468031988e-02
8.729272757268656813e-01 3.974635436577234754e-02
8.600123622726789652e-01 4.308597081126568779e-02
8.470659144634548054e-01 4.631055895007486073e-02
8.340933882679627542e-01 4.942215951863763307e-02
8.210970606235112879e-01 5.242225236039308595e-02
8.080775009045384483e-01 5.531249228997213441e-02
7.950353144416748563e-01 5.809452717384270409e-02
7.819710632943458473e-01 6.077001538120786056e-02
7.688853664081963801e-01 6.334060471586894225e-02
7.557787977347459885e-01 6.580795354536317365e-02
7.426519700403604318e-01 6.817371420417547845e-02
7.295054754538422559e-01 7.043954455893969291e-02
7.163399202178449832e-01 7.260710160798242163e-02
7.031559141000859325e-01 7.467804364333059663e-02
6.899540568113188277e-01 7.665403235275738969e-02
6.767349749746437437e-01 7.853672731140096119e-02
6.634992618799167019e-01 8.032779487106354865e-02
6.502475590020800889e-01 8.202889679203950735e-02
6.369804566545758107e-01 8.364170362292414063e-02
6.236986030128442993e-01 8.516788079106690779e-02
6.104025984349482625e-01 8.660910160292206728e-02
5.970930853812366212e-01 8.796703678531447856e-02
5.837706774543133248e-01 8.924336237077737377e-02
5.704360116479660903e-01 9.043975424953532016e-02
5.570897137588282089e-01 9.155789164618330367e-02
5.437337231560945838e-01 9.259917793147361131e-02
5.303734871898345693e-01 9.356238671667198303e-02
5.170104041228881231e-01 9.444492464944079235e-02
5.036453657391249950e-01 9.524420593357796339e-02
4.902793037311243829e-01 9.595764728030942159e-02
4.769130930909064037e-01 9.658267349184022910e-02
4.635476762060533051e-01 9.711671110961177245e-02
4.501839144815438787e-01 9.755719519580434429e-02
4.368227443867106485e-01 9.790156309638502197e-02
4.234650315317097791e-01 9.814725939598795135e-02
4.101116921261419024e-01 9.829173251617591422e-02
3.967636033710156274e-01 9.833243665479572682e-02
3.834216561466824991e-01 9.826683081892084726e-02
3.700867399236182909e-01 9.809237919180412157e-02
3.567597173963647506e-01 9.780655051515270426e-02
3.434414908349399664e-01 9.740681930498504282e-02
3.301328958374468159e-01 9.689066306011454022e-02
3.168348362306290245e-01 9.625556642597876689e-02
3.035481378588029688e-01 9.549901535580242184e-02
2.902736772357032979e-01 9.461850270173922939e-02
2.770122937495179682e-01 9.361152356802900087e-02
2.637648264273226295e-01 9.247557690447565093e-02
2.505321281604214190e-01 9.120816694794220414e-02
2.373150002794361391e-01 8.980679669156252376e-02
2.241143032086825027e-01 8.826897869832070476e-02
2.109308167508194831e-01 8.659221971776817628e-02
1.977654242529834350e-01 8.477404278107358859e-02
1.846373547353906130e-01 8.281107035606739830e-02
1.715745357380676905e-01 8.068528970988624038e-02
1.585874171670741961e-01 7.837211388999222594e-02
1.456854618906220089e-01 7.584730232837397224e-02
1.328783161811728786e-01 7.308714767028079429e-02
1.201753232061769094e-01 7.006838491324618445e-02
1.075851121178430375e-01 6.676805900043228381e-02
9.511611167651529142e-02 6.316359879036807790e-02
8.277647434455071007e-02 5.923276781851380401e-02
7.058323589420538446e-02 5.495640404728081158e-02
5.871976082798655017e-02 5.033086312834297166e-02
4.733018972562394455e-02 4.526899864162918508e-02
3.649562711739495757e-02 3.967089394222059889e-02
2.627974650991029421e-02 3.344502740792664602e-02
1.681136629692227616e-02 2.655851376269979802e-02
9.222378241938913174e-03 1.952492631331494491e-02
3.861062327330146236e-03 1.223887725093079741e-02
5.993228201639000169e-04 4.398735306824577002e-03
-1.497402166119088699e-04 -1.842574346056882403e-03
1.106389892408794155e-03 -5.325470593968900657e-03
3.608906343310698279e-03 -7.530694276425444270e-03
6.943394577706200888e-03 -8.199812927899867085e-03
1.528774641378145491e-02 -6.490724586208863368e-03
2.721807871998579639e-02 -2.900157433723416119e-03
3.939609011252121623e-02 1.377378404823738833e-03
5.187121633981948282e-02 5.892520336705891516e-03
6.443192030875340148e-02 1.031651329053853011e-02
7.712295111369722733e-02 1.471020386006452983e-02
8.987418701254767939e-02 1.910841626489558770e-02
1.025473108927248411e-01 2.352326240051490214e-02
1.151595729674647073e-01 2.801044630114199463e-02
1.278157324326099353e-01 3.258532413621430951e-02
1.404965307631070304e-01 3.718424226990527104e-02
1.531156769678467255e-01 4.171837420672094843e-02
1.656850113470922370e-01 4.613612014181814325e-02
1.782224422753757864e-01 5.039003600064173582e-02
1.907442242108825514e-01 5.443398250762778584e-02
2.032976334821113840e-01 5.823980353805099930e-02
2.159298542503065299e-01 6.181616895057694822e-02
2.286369470628024925e-01 6.516812828645024425e-02
2.414141029426296603e-01 6.830050702922076111e-02
2.542565600092532296e-01 7.121817602403797409e-02
2.671595278146666197e-01 7.392602984692589474e-02
2.801180654144577731e-01 7.642896473096333354e-02
2.931273003279156741e-01 7.873192569026490895e-02
3.061822637880556863e-01 8.083987345775384137e-02
3.192779227661470820e-01 8.275779416148019985e-02
3.324093287578782085e-01 8.449072029090437530e-02
3.455713494456003065e-01 8.604369275906897929e-02
3.587589283250102179e-01 8.742179681373740685e-02
3.719669731721584327e-01 8.863014531545142238e-02
3.851895029145117610e-01 8.967366838618458236e-02
3.984208797718259421e-01 9.055566555636057613e-02
4.116600066601324714e-01 9.127871020504320365e-02
4.249061380695808854e-01 9.184538646195140876e-02
4.381585067414641710e-01 9.225827899699050316e-02
4.514163158058304148e-01 9.251997422195801235e-02
4.646788138066111906e-01 9.263306219867442626e-02
4.779451673962545888e-01 9.260013515142070939e-02
4.912146007356137378e-01 9.242378933015876763e-02
5.044862890133288147e-01 9.210662500559459176e-02
5.177594130660405636e-01 9.165124687182213403e-02
5.310331642224225268e-01 9.106026345972657865e-02
5.443066816332687852e-01 9.033629029883151473e-02
5.575791687987072809e-01 8.948194436849388200e-02
5.708497423828714501e-01 8.849985281809366611e-02
5.841175802533439265e-01 8.739264399249715987e-02
5.973818151658577547e-01 8.616295481891578234e-02
6.106415896805454935e-01 8.481342696562736705e-02
6.238960521779044477e-01 8.334670675833262543e-02
6.371443133215684007e-01 8.176545022463123369e-02
6.503855363999507810e-01 8.007231267816815323e-02
6.636188095863582159e-01 7.826996433546079546e-02
6.768432923880590701e-01 7.636107157753238561e-02
6.900580750173583855e-01 7.434831594282628742e-02
7.032622963980202924e-01 7.223437741300012260e-02
7.164550609415049065e-01 7.002194669449769704e-02
7.296354857759121959e-01 6.771371797653966129e-02
7.428026885469517504e-01 6.531239062234396597e-02
7.559557675830110846e-01 6.282067288253626036e-02
7.690938527697779303e-01 6.024127230158969615e-02
7.822160264535835683e-01 5.757691087328434959e-02
7.953214297724874315e-01 5.483030388691784163e-02
8.084091339343525418e-01 5.200418614115558807e-02
8.214782836959799717e-01 4.910128173738709939e-02
8.345279510034570025e-01 4.612433557040022253e-02
8.475572727318556598e-01 4.307608278129552992e-02
8.605629555517377849e-01 3.995958773156137178e-02
8.735296002126815562e-01 3.677425302177880079e-02
8.864547156126125760e-01 3.350948727776791730e-02
8.993386375728525950e-01 3.015377282358220126e-02
9.121817895749982918e-01 2.669565267205659467e-02
9.249846789727933505e-01 2.312372539795886847e-02
9.377477385517537511e-01 1.942668468648456326e-02
9.504716565358211078e-01 1.559321901612899762e-02
9.631569272524327374e-01 1.161213630498077534e-02
9.758138354321440611e-01 7.469254043038177013e-03
9.883108281442194443e-01 3.366377429908303659e-03
9.999989112021810955e-01 6.193797347530224017e-05
