
9.999617453575697645e-01 -1.233638453886801796e-04
9.875045472302106386e-01 4.508985506396489054e-03
9.750382485394414322e-01 9.153360331007224376e-03
9.626176339218255329e-01 1.374975013212020349e-02
9.502301035965263765e-01 1.826407281164926441e-02
9.378612153908880700e-01 2.266389954405279711e-02
9.254942959982718209e-01 2.691860724264265661e-02
9.130829039479361198e-01 3.102093216760251626e-02
9.006138674710594261e-01 3.497602154412560171e-02
8.880904881230445858e-01 3.878603284347403868e-02
8.755160175742991990e-01 4.245315101089344040e-02
8.628937374893078660e-01 4.597956278043367762e-02
8.502269675195467391e-01 4.936745574050572377e-02
8.375189753823573113e-01 5.261904234865527608e-02
8.247731116512113658e-01 5.573652409965323268e-02
8.119926916319745169e-01 5.872212245899337268e-02
7.991810374690534458e-01 6.157806712731235532e-02
7.863419095970977102e-01 6.430637173764816583e-02
7.734777410089310745e-01 6.690858988315544209e-02
7.605894188287980473e-01 6.938634273581370526e-02
7.476777885900107723e-01 7.174126122988025434e-02
7.347436984677169214e-01 7.397497691609902781e-02
7.217880242816563374e-01 7.608911812511252870e-02
7.088116052628460340e-01 7.808532083085689690e-02
6.958153301226827070e-01 7.996521487984087351e-02
6.828000598657315567e-01 8.173043634344115405e-02
6.697666670624524698e-01 8.338262143225165512e-02
6.567160433408547604e-01 8.492340612657620080e-02
6.436490450330535351e-01 8.635443267436621051e-02
6.305665833163951461e-01 8.767733932266863484e-02
6.174695285722097138e-01 8.889377104783838246e-02
6.043587793897176041e-01 9.000537226182919737e-02
5.912352327391778850e-01 9.101379007735604931e-02
5.780997714934331677e-01 9.192067499978982814e-02
5.649533157275173911e-01 9.272767738350230771e-02
5.517967427008386716e-01 9.343645279889706279e-02
5.386309779143479970e-01 9.404865648505371378e-02
5.254569162137057159e-01 9.456594787535170521e-02
5.122754680463862398e-01 9.498998811121556196e-02
4.990875513103310013e-01 9.532244071902172544e-02
4.858940619749365641e-01 9.556497224605482732e-02
4.726959362126281761e-01 9.571925094855969485e-02
4.594940657936564254e-01 9.578694822475312953e-02
4.462893890185475332e-01 9.576973752549552965e-02
4.330828121678013121e-01 9.566929494117012989e-02
4.198752598551216964e-01 9.548729899029849422e-02
4.066676568568839412e-01 9.522543071670709625e-02
3.934609147861274359e-01 9.488537325443721637e-02
3.802562688527952317e-01 9.446881035378072722e-02
3.670619362207263037e-01 9.397556415533968310e-02
3.538821621128037664e-01 9.340088779494182258e-02
3.407179198040755086e-01 9.273938006453030791e-02
3.275700714909072220e-01 9.198565645906831012e-02
3.144395209984019446e-01 9.113435577756343053e-02
3.013271750846280295e-01 9.018013878370925718e-02
2.882338567922387296e-01 8.911768106602359352e-02
2.751605136144881225e-01 8.794168910843817855e-02
2.621079182510466787e-01 8.664687490028441519e-02
2.490769506786955356e-01 8.522797980047801258e-02
2.360684324841502701e-01 8.367975916026294814e-02
2.230831336631755035e-01 8.199698023591968365e-02
2.101219220818508204e-01 8.017444105746776573e-02
1.971854941583459919e-01 7.820693330102919394e-02
1.842746322239529333e-01 7.608927580877410113e-02
1.713900817946101274e-01 7.381629696894687065e-02
1.585439648135217594e-01 7.138322955563931871e-02
1.457702076896572052e-01 6.877535566291950730e-02
1.330836196472360566e-01 6.596796794451850743e-02
1.204977775960762304e-01 6.293666776172729405e-02
1.080262091379653733e-01 5.965764923938582376e-02
9.568179484315639249e-02 5.610754494345845250e-02
8.347686574213268595e-02 5.226340678389104766e-02
7.142332671443105130e-02 4.810269899309552177e-02
5.953254300891984430e-02 4.360320963237073605e-02
4.783885086490237415e-02 3.875167026601280401e-02
3.674267614899719842e-02 3.358922746322751118e-02
2.650040415233738400e-02 2.796055698102779125e-02
1.720323131728578384e-02 2.168951779235302885e-02
8.880765481956201177e-03 1.460568434611605321e-02
2.726087060700726865e-03 7.676978196845485325e-03
2.255865700922846909e-04 2.320436673306071427e-03
2.188673781695283835e-04 -9.144506024716461678e-04
2.574568075186250624e-03 -4.670411847146722743e-03
8.302323344337564012e-03 -9.600786358034251594e-03
1.704024938523405683e-02 -1.411819408400459552e-02
2.842472218489182009e-02 -1.857896732340242468e-02
4.015034293911592944e-02 -2.245408100190842901e-02
5.213239403433780894e-02 -2.579271899350523561e-02
6.436778516990725174e-02 -2.868077907774027949e-02
7.684851844461074166e-02 -3.120860278360410717e-02
8.954913415284526668e-02 -3.346925182182219904e-02
1.023587025470826667e-01 -3.550968559541736042e-02
1.152468611890693634e-01 -3.735020168751836123e-02
1.282046411143793752e-01 -3.901299776385769996e-02
1.412228970407246598e-01 -4.052068533894339492e-02
1.542894668419902415e-01 -4.189577693318820295e-02
1.673755116310633173e-01 -4.315082355092233340e-02
1.804743246349010399e-01 -4.428963768287173114e-02
1.935855229571438740e-01 -4.531595768526237161e-02
2.067087175940356403e-01 -4.623352969588438027e-02
2.198434623100257446e-01 -4.704610505742518739e-02
2.329893993978740807e-01 -4.775744995980527041e-02
2.461460462219182410e-01 -4.837133298439173779e-02
2.593130117537167378e-01 -4.889153751301783535e-02
2.724898441904027302e-01 -4.932185405204829454e-02
2.856761014549819011e-01 -4.966608393743972977e-02
2.988713617123741617e-01 -4.992803918122559054e-02
3.120751369398065411e-01 -5.011154093231390272e-02
3.252852907689456341e-01 -5.022025191792710286e-02
3.384887561430808822e-01 -5.025296854257516738e-02
3.516816429868381277e-01 -5.020302560758468924e-02
3.648628276821063721e-01 -5.006350167671154427e-02
3.780311118815768423e-01 -4.982751001519478140e-02
3.911853121888353990e-01 -4.948819881122439729e-02
4.043243293000952088e-01 -4.903874816753812926e-02
4.174469165322449160e-01 -4.847237756668690972e-02
4.305520459350643536e-01 -4.778233185044822307e-02
4.436385456716938624e-01 -4.696189527446715389e-02
4.567053301820991340e-01 -4.600438075839406726e-02
4.697542170255670224e-01 -4.490317928688379590e-02
4.828016895703070577e-01 -4.365748568690312748e-02
4.958500799231969070e-01 -4.227491489011205722e-02
5.088987748041360337e-01 -4.076370406377480271e-02
5.219470987197836198e-01 -3.913214628551821284e-02
5.349942997704746350e-01 -3.738859537781315245e-02
5.480397982330577067e-01 -3.554143264037239874e-02
5.610827721327016349e-01 -3.359912346052536941e-02
5.741249863653177243e-01 -3.157017031773176607e-02
5.871715161730215460e-01 -2.946506482431134749e-02
6.002248634045375120e-01 -2.729574660305488995e-02
6.132874358903113166e-01 -2.507427695263706249e-02
6.263615963658318853e-01 -2.281283192412416130e-02
6.394498428748018881e-01 -2.052367259998622365e-02
6.525544007371925082e-01 -1.821921749595916545e-02
6.656577013975795154e-01 -1.591546907421959728e-02
6.787446569769007843e-01 -1.362798766999020680e-02
6.918175799828716332e-01 -1.136916807428910332e-02
7.048790395202303438e-01 -9.151251029720032862e-03
7.179312691619761377e-01 -6.986426202228811395e-03
7.309768479210099201e-01 -4.886718617331141032e-03
7.440179904718052795e-01 -2.864107624013738102e-03
7.570572172723830651e-01 -9.304205448465202762e-04
7.700967797001339044e-01 9.025738425719643946e-04
7.831362653290436793e-01 2.622413225199569584e-03
7.961732205625289271e-01 4.215495163303418190e-03
8.092053169060756668e-01 5.668236287489193150e-03
8.222305896010008164e-01 6.967228982391390248e-03
8.352468257692947651e-01 8.099171251595599016e-03
8.482519138820304727e-01 9.050907176682491950e-03
8.612439088680087229e-01 9.809424949843961045e-03
8.742207119768280466e-01 1.036183404744069753e-02
8.871804526262770940e-01 1.069538537729502158e-02
9.001213690324951777e-01 1.079745268429029535e-02
9.130416531662989277e-01 1.065552536709170328e-02
9.259397129579756136e-01 1.025720169999109338e-02
9.388127334004188196e-01 9.590239737283541913e-03
9.515514192258325288e-01 8.626316071493465854e-03
9.640581569595965128e-01 7.272039200649788558e-03
9.763103532198117440e-01 5.426039991964674153e-03
9.882904083208419177e-01 2.995294677639125276e-03
9.999881574369150483e-01 -1.075086233146458031e-04
