
9.999647290199811245e-01 -1.762589563790701956e-04
9.873037349666574647e-01 3.609735002982690250e-03
9.746067737228798489e-01 7.301902386499843287e-03
9.618755947509415316e-01 1.091004993462047282e-02
9.491120964586161612e-01 1.444400988849060992e-02
9.363181947812221351e-01 1.791368097296933484e-02
9.234957498959240896e-01 2.132904881571153627e-02
9.106468163920200531e-01 2.470012043969054688e-02
8.977732281888328725e-01 2.803703531691867715e-02
8.848771389936239684e-01 3.134992480048744146e-02
8.719604078299252325e-01 3.464907240264854249e-02
8.590262885444414076e-01 3.794448250667679934e-02
8.460976998321264597e-01 4.124121219142477118e-02
8.331853674118296915e-01 4.454739939347378969e-02
8.202914208448588429e-01 4.787329666880003887e-02
8.074107635419677242e-01 5.123001552937736514e-02
7.945146385650154741e-01 5.462039204380624013e-02
7.815978022108680534e-01 5.802984400912811896e-02
7.686862627250723445e-01 6.143510890708434730e-02
7.557930493336190159e-01 6.481639057711301166e-02
7.429151230584106758e-01 6.815830262582542320e-02
7.300495540345203205e-01 7.144560206332586927e-02
7.171932961509730475e-01 7.466324508763136358e-02
7.043436128473525848e-01 7.779627837758743003e-02
6.914974323334925899e-01 8.082999716032027160e-02
6.786520709172165766e-01 8.374976737627161383e-02
6.658045723067658184e-01 8.654118071472004237e-02
6.529520818483525169e-01 8.918996220450980950e-02
6.400917680183264569e-01 9.168198642187593006e-02
6.272076476959334013e-01 9.400887268642364736e-02
6.142886245075146467e-01 9.617300443115972541e-02
6.013370349675424276e-01 9.817694289089205772e-02
5.883553052791922200e-01 1.000232421358053653e-01
5.753458187616036223e-01 1.017144707050068320e-01
5.623110224691278969e-01 1.032531966664386736e-01
5.492533595780177968e-01 1.046419977949532565e-01
5.361752415175855546e-01 1.058834633929379293e-01
5.230791617043613062e-01 1.069801832249352852e-01
5.099675648291296381e-01 1.079347604550561224e-01
4.968430532347209994e-01 1.087497858167132125e-01
4.837090272862886176e-01 1.094273094367728405e-01
4.705670887083202580e-01 1.099687874508810809e-01
4.574184178852245264e-01 1.103756503883872031e-01
4.442641791846416166e-01 1.106493313373540927e-01
4.311055357220349160e-01 1.107912649797615640e-01
4.179436781034274184e-01 1.108028875858489692e-01
4.047797687902998098e-01 1.106856375299015566e-01
3.916150007771208030e-01 1.104409552236223085e-01
3.784505599605315629e-01 1.100702832794338004e-01
3.652876225341183947e-01 1.095750659844427904e-01
3.521273964010420698e-01 1.089567509154053954e-01
3.389710605824999834e-01 1.082167866533007977e-01
3.258198202468077231e-01 1.073566252285246547e-01
3.126752878345936959e-01 1.063777353457190378e-01
2.995484580683182019e-01 1.052796058238804205e-01
2.864459721504519774e-01 1.040557875361791534e-01
2.733704355377497008e-01 1.026988648709967200e-01
2.603243175340222426e-01 1.012014540580543492e-01
2.473100649689060626e-01 9.955621144688329982e-02
2.343302333592395259e-01 9.775585174549678014e-02
2.213871359575973197e-01 9.579310027449297604e-02
2.084831852563188426e-01 9.366073638385738476e-02
1.956207713441351914e-01 9.135157795162925087e-02
1.828021204814231082e-01 8.885845184567173205e-02
1.700295254001575607e-01 8.617423181382788400e-02
1.573052108720934816e-01 8.329181216964384737e-02
1.446465090810242771e-01 8.020529613938968960e-02
1.320922429913419793e-01 7.689818238315591914e-02
1.196624128652327007e-01 7.334376939489976877e-02
1.073753805045566251e-01 6.951574964152397451e-02
9.524915396769038922e-02 6.538853535386825178e-02
8.330103770213809211e-02 6.093713035773710984e-02
7.154760203989156409e-02 5.613706383999964716e-02
6.000410860213269137e-02 5.096404502445292528e-02
4.868502072514107465e-02 4.539399670011085020e-02
3.773770768961415278e-02 3.945640330830094133e-02
2.767536557975230557e-02 3.318871748262652160e-02
1.867197698245651530e-02 2.639760361917391565e-02
1.079109764887050023e-02 1.889467828924314141e-02
4.099464853428902780e-03 1.054032644760633138e-02
7.218035361007719844e-04 4.079795615399655490e-03
2.441145586805703943e-04 -6.067906258008508736e-04
1.690280385641640317e-03 -5.064668967888710620e-03
5.765828881134448143e-03 -9.714252419248916443e-03
1.339313685512468280e-02 -1.450351579813518102e-02
2.364644675191981266e-02 -1.860032588096440648e-02
3.552120802381090320e-02 -2.246599385892531636e-02
4.760144304408117644e-02 -2.585286383265264151e-02
5.987867870842929208e-02 -2.881014427040427123e-02
7.234212453709583379e-02 -3.138828569336653274e-02
8.497900504443518799e-02 -3.363958700239434718e-02
9.777511508775860172e-02 -3.561865190440994394e-02
1.107154347045450071e-01 -3.738269768673448123e-02
1.237830781963759064e-01 -3.899157476591813554e-02
1.369319251882718524e-01 -4.049930802406569164e-02
1.500922946624243526e-01 -4.191852541715251901e-02
1.632615499964961137e-01 -4.325142831370772795e-02
1.764395333457893789e-01 -4.450041582910843618e-02
1.896260249320673719e-01 -4.566788452061672221e-02
2.028208645547563971e-01 -4.675623998586536656e-02
2.160238362004572032e-01 -4.776788660836702588e-02
2.292347554761219597e-01 -4.870523516284386983e-02
2.424534253335443312e-01 -4.957069916635574447e-02
2.556796335493377037e-01 -5.036669510574048880e-02
2.689132017018973642e-01 -5.109564541417298961e-02
2.821538942191369470e-01 -5.175997330442226596e-02
2.954015422658662904e-01 -5.236210949513898233e-02
3.086559043937684432e-01 -5.290448528565596525e-02
3.219167962648400438e-01 -5.338953864785898201e-02
3.351839933262892313e-01 -5.381971004908174538e-02
3.484572896831200084e-01 -5.419744484346489255e-02
3.617364769497171118e-01 -5.452519242078151390e-02
3.750213294474145087e-01 -5.480540597529739294e-02
3.883116541334240557e-01 -5.504054360151969943e-02
4.016072073220159355e-01 -5.523306668476044012e-02
4.149078104159191760e-01 -5.538544184035489731e-02
4.282132083053438731e-01 -5.550013893753211192e-02
4.415232214014944701e-01 -5.557963286109377649e-02
4.548338578637275420e-01 -5.562582576910861387e-02
4.681340748825936759e-01 -5.563473955531973714e-02
4.814225778215260321e-01 -5.559897776580638440e-02
4.946987643758548603e-01 -5.551113877250900275e-02
5.079620687702351978e-01 -5.536385887915306475e-02
5.212119506542314262e-01 -5.514981163399877706e-02
5.344477889305332408e-01 -5.486170960638789285e-02
5.476691135202476080e-01 -5.449229953726418552e-02
5.608752687190914354e-01 -5.403437016926734143e-02
5.740658104630149694e-01 -5.348074051584179867e-02
5.872401599432655050e-01 -5.282427043643082853e-02
6.003978051692747675e-01 -5.205785320802652077e-02
6.135382929008338371e-01 -5.117441312895035233e-02
6.266610411910694678e-01 -5.016691772088241463e-02
6.397656866727343683e-01 -4.902835187974748793e-02
6.528505743880349543e-01 -4.775173519980004805e-02
6.659081348686897162e-01 -4.632886631886419526e-02
6.789320014245198154e-01 -4.475006257579551561e-02
6.919160578425332941e-01 -4.300567189176895955e-02
7.048544297757808330e-01 -4.108610363057651343e-02
7.177412474001741982e-01 -3.898185634119562953e-02
7.305705430650958343e-01 -3.668354078310000904e-02
7.433538774546157857e-01 -3.418054286241482137e-02
7.561609160512982042e-01 -3.148199033548220588e-02
7.690132811378833644e-01 -2.863097847427001005e-02
7.819243208738910766e-01 -2.567451208271036636e-02
7.949032813153921184e-01 -2.266235083330684838e-02
8.078601560015675753e-01 -1.966879228837335389e-02
8.207656831574003942e-01 -1.675341762904418094e-02
8.336465041774040463e-01 -1.395840310672883007e-02
8.465250705190996428e-01 -1.130997107695760548e-02
8.593987708042276630e-01 -8.833919337384232504e-03
8.722652652333166001e-01 -6.555520099810595129e-03
8.851219462843018526e-01 -4.499629852465176355e-03
8.979659722581105896e-01 -2.690660921454650096e-03
9.107951778711620427e-01 -1.152453343553670869e-03
9.236073284640071712e-01 9.159024656329474694e-05
9.364003706953354378e-01 1.018525736182700030e-03
9.491725453466381968e-01 1.605846045462738575e-03
9.619227719111871355e-01 1.831436803107149231e-03
9.746502624100195078e-01 1.673475196104469691e-03
9.873547606547946609e-01 1.110349457682595006e-03
1.000036590525948510e+00 1.205400031444522766e-04
