
1.000001321318853664e+00 9.723519127478110906e-06
9.874755702802696655e-01 3.120238630293551731e-03
9.748703861108919400e-01 6.061521174972202795e-03
9.621909871615128562e-01 8.857759833419600465e-03
9.494426908954337607e-01 1.153358862320682035e-02
9.366314495449483690e-01 1.411399642047367342e-02
9.237627013098838047e-01 1.662457823188689260e-02
9.108426651363014104e-01 1.909128515418010569e-02
8.978778774750185709e-01 2.154051181580424884e-02
8.848996636457707732e-01 2.398686760636399920e-02
8.719233491094738886e-01 2.642947318488117481e-02
8.589485855780519818e-01 2.886758680105734262e-02
8.459750337568946454e-01 3.130046545504239219e-02
8.330023460988618123e-01 3.372736813760131985e-02
8.200301825949699586e-01 3.614755286801421552e-02
8.070581965680303504e-01 3.856027935138525015e-02
7.940860471553152777e-01 4.096480664799404675e-02
7.811133886755098343e-01 4.336039515087235924e-02
7.681398792728409974e-01 4.574630498077499052e-02
7.551651743842424658e-01 4.812179719280004764e-02
7.421889310221819747e-01 5.048613298494092350e-02
7.292108058601908249e-01 5.283857404927628371e-02
7.162304546413963413e-01 5.517838267476689318e-02
7.032475353897538195e-01 5.750482116637321839e-02
6.902641568001264272e-01 5.981630198570744156e-02
6.772856603609848092e-01 6.210709313218815142e-02
6.643117455990810161e-01 6.437066240465162681e-02
6.513418859561198593e-01 6.660053310342464727e-02
6.383754596327303465e-01 6.879027457821937364e-02
6.254119772576384184e-01 7.093346325227810334e-02
6.124507939185827032e-01 7.302373081760028806e-02
5.994914618763973468e-01 7.505470626519333832e-02
5.865333258697947860e-01 7.702008078649141831e-02
5.735759146698986566e-01 7.891354604537142992e-02
5.606186240771583451e-01 8.072884266409646736e-02
5.476609269580586803e-01 8.245972858000848171e-02
5.347022745384819586e-01 8.409999349573718530e-02
5.217420694926155900e-01 8.564346102600836619e-02
5.087798217759242903e-01 8.708396979599974941e-02
4.958140827907561166e-01 8.841553680649803793e-02
4.828345339602280739e-01 8.963645940126739597e-02
4.698384729015588901e-01 9.074961885682678031e-02
4.568266084201410004e-01 9.175803325207707029e-02
4.437996388295636918e-01 9.266472807610695583e-02
4.307583201006335849e-01 9.347273184421651948e-02
4.177033310116764486e-01 9.418508507395072227e-02
4.046354483639135191e-01 9.480482974994072776e-02
3.915631585444342977e-01 9.533365839672484909e-02
3.785149229749021904e-01 9.575942583962372689e-02
3.654963411847026999e-01 9.606223957720226581e-02
3.525108877938861185e-01 9.622242086856418186e-02
3.395615639236010952e-01 9.622059054557806357e-02
3.266516887247551959e-01 9.603765565490457456e-02
3.137843551014400933e-01 9.565481299169113771e-02
3.009623994008186476e-01 9.505353137942060271e-02
2.881490835408715978e-01 9.422041828244805128e-02
2.752903466586280046e-01 9.317741519399980188e-02
2.623803828343944100e-01 9.196139384577295406e-02
2.494133999304833926e-01 9.061028730873958714e-02
2.363843159568918550e-01 8.916322619682708062e-02
2.232875348269538762e-01 8.766046059187408701e-02
2.101655050311674044e-01 8.614894221267548058e-02
1.970793189796284650e-01 8.467754834675551845e-02
1.840734218489248342e-01 8.320996237111354110e-02
1.714425780579921788e-01 8.157750592678449097e-02
1.592143210509403828e-01 7.959076834351812291e-02
1.473786346274819914e-01 7.708206075115829614e-02
1.353128285060563873e-01 7.390545804094458826e-02
1.227890519439446687e-01 7.037524860740806965e-02
1.107226421852767762e-01 6.723023361939051146e-02
9.906323325884827669e-02 6.484964921481319033e-02
8.673064735939951808e-02 6.294332432840146763e-02
7.637082566540386031e-02 6.062004846097072963e-02
6.697279828618914188e-02 5.689001961328454121e-02
5.615758617479698483e-02 5.122669287234331292e-02
4.558366146468525310e-02 4.593424392784969945e-02
3.426133500253971537e-02 4.121479839549471030e-02
2.277633398094514039e-02 3.652736338484529471e-02
1.333246055202327689e-02 3.165600341341007207e-02
5.332327573807751735e-03 2.541964223877695925e-02
1.288512329597668073e-03 1.999908727298798858e-02
2.361490213946373148e-04 1.618451936686446033e-02
8.159799199304402974e-04 1.276637318026954161e-02
3.657603901652677156e-03 8.450048504441287286e-03
9.813614955565364700e-03 3.804045525859526319e-03
1.726926688653325492e-02 1.202703897297767834e-03
2.760190247401096003e-02 2.631034604863226756e-04
4.023353764463148685e-02 -1.484474467937528573e-04
5.304585435996674730e-02 -2.608726158161193357e-04
6.605847222972148491e-02 -1.946847852772212143e-04
7.919939440500657624e-02 -8.210066912394503016e-05
9.235022121851793608e-02 -4.307636514281226961e-06
1.055424648563444562e-01 5.373494070694854682e-05
1.187287764345623109e-01 1.155084987317311039e-04
1.318816095191423787e-01 2.044981372073529887e-04
1.449987371490228938e-01 3.439287000760750911e-04
1.580886681823238382e-01 5.554934023970085118e-04
1.711887051853106245e-01 8.426726714814350558e-04
1.843033372053956287e-01 1.194862032489858120e-03
1.974330094610186048e-01 1.600999439902254249e-03
2.105782743886748798e-01 2.049939045087812578e-03
2.237395107611482026e-01 2.530441031872514204e-03
2.369173224977804970e-01 3.031184451286604575e-03
2.501104999463805156e-01 3.540688617821206256e-03
2.632951390055361940e-01 4.046525047809725398e-03
2.764629153434668418e-01 4.536901495101296200e-03
2.896141452378384051e-01 5.000448751279473747e-03
3.027500161078531260e-01 5.425937215375744617e-03
3.158848014725370579e-01 5.806641960274720390e-03
3.290251891357991454e-01 6.144360300356294276e-03
3.421710883734235265e-01 6.441828192075786837e-03
3.553223426010662100e-01 6.701785234331376385e-03
3.684788468090693381e-01 6.926977455164251736e-03
3.816404552360724844e-01 7.120155408725159160e-03
3.948070506680435021e-01 7.284075455596744457e-03
4.079784969095517355e-01 7.421499010936177115e-03
4.211546665788673538e-01 7.535192955785217916e-03
4.343354317138651832e-01 7.627929506270406980e-03
4.475206567457115092e-01 7.702486195417972310e-03
4.607102205437672571e-01 7.761646014229877343e-03
4.739039812698290222e-01 7.808197238358764378e-03
4.871018231562617151e-01 7.844933639580359275e-03
5.003035886700898383e-01 7.874654269132643283e-03
5.135060145342064120e-01 7.899438114084998339e-03
5.267061847285240406e-01 7.918680795622948590e-03
5.399041276697310598e-01 7.931157460675974241e-03
5.530998913374102210e-01 7.935644314255734660e-03
5.662935033737800383e-01 7.930918584069454602e-03
5.794850134382071305e-01 7.915758528723589385e-03
5.926744474606177038e-01 7.888943458573570433e-03
6.058618571222943450e-01 7.849253670630582796e-03
6.190472663478143733e-01 7.795470563543537013e-03
6.322307291861904988e-01 7.726376452719506925e-03
6.454122672713907827e-01 7.640754833641181729e-03
6.585919373688585710e-01 7.537390014310127451e-03
6.717697585452286901e-01 7.415067598836244493e-03
6.849457899100521718e-01 7.272573863607317661e-03
6.981200498640829366e-01 7.108696511504711268e-03
7.112933573400889165e-01 6.922357200515667081e-03
7.244669210591513364e-01 6.713358627156839481e-03
7.376406776507556939e-01 6.481857888259432744e-03
7.508145344755299266e-01 6.228013141783947555e-03
7.639883953225100610e-01 5.951982632795141566e-03
7.771621670843076313e-01 5.653924566692664425e-03
7.903357539862122527e-01 5.333997228088816975e-03
8.035090624644964930e-01 4.992358872203643202e-03
8.166819971709458059e-01 4.629167819939447072e-03
8.298544640969712782e-01 4.244582378543737371e-03
8.430263683112473316e-01 3.838760902106643381e-03
8.561976153715961102e-01 3.411861751943116687e-03
8.693681107541356701e-01 2.964043312379500712e-03
8.825377595941592546e-01 2.495464000678244976e-03
8.957064677659483110e-01 2.006282228596067713e-03
9.088855137252347394e-01 1.498010584551915259e-03
9.220515474760963004e-01 9.938593116369809095e-04
9.351650355847274110e-01 5.302094260656631296e-04
9.482272975793119008e-01 1.412568541795247777e-04
9.612403692173553393e-01 -1.396423672682291911e-04
9.742054807645323944e-01 -2.799043869503794893e-04
9.871246981734473902e-01 -2.477234768405870758e-04
9.999999607773013555e-01 -1.201037919022438276e-05
