
1.000001022951169105e+00 2.881289810630956259e-07
9.872141424866698323e-01 4.387771081995291145e-03
9.744262280907010076e-01 8.772964731539423938e-03
9.616373592849004615e-01 1.315638918986001757e-02
9.488476296463084214e-01 1.753855993610865804e-02
9.360571204499317233e-01 2.191999685184850555e-02
9.232659511137550901e-01 2.630120693935307855e-02
9.104751294287116714e-01 3.068239307772930788e-02
8.976852422367781470e-01 3.506390228461733066e-02
8.848963793325879124e-01 3.944625164411115492e-02
8.721086259089508852e-01 4.382995963052793709e-02
8.593220700183186178e-01 4.821554355200419195e-02
8.465366043903903570e-01 5.260356201677417187e-02
8.337513318847429300e-01 5.699437118666159791e-02
8.209660745627673784e-01 6.138766284701255987e-02
8.081807855698465159e-01 6.578306939485831228e-02
7.953954143112693664e-01 7.018022442129660809e-02
7.826099149944992783e-01 7.457875977451741689e-02
7.698242358300863009e-01 7.897830927398527545e-02
7.570383320624498591e-01 8.337850422749303048e-02
7.442522934273687607e-01 8.777892956495408905e-02
7.314668258947911728e-01 9.217895808037254723e-02
7.186820051282550859e-01 9.657817955074116112e-02
7.058977769881216169e-01 1.009762285167671442e-01
6.931140983797223765e-01 1.053727358107424406e-01
6.803451400169995278e-01 1.097591973297291496e-01
6.676089213297925484e-01 1.141060378752760257e-01
6.548965592654527601e-01 1.183859107803782312e-01
6.421991033028683349e-01 1.225720592657352920e-01
6.295076303588447164e-01 1.266382838948501566e-01
6.168131359075419429e-01 1.305589567206668911e-01
6.041071893740367349e-01 1.343088018967510955e-01
5.913780494040907776e-01 1.378643047912664621e-01
5.786055032757609906e-01 1.412125280607455791e-01
5.657905693195528496e-01 1.443428758217763785e-01
5.529377187850104125e-01 1.472442544158586719e-01
5.400514394417639252e-01 1.499056611379344650e-01
5.271362486296178318e-01 1.523161878673040537e-01
5.141965228062370663e-01 1.544650553792588088e-01
5.012365175094205538e-01 1.563416006981127870e-01
4.882502382557822318e-01 1.579384987246891803e-01
4.752274793687716881e-01 1.592592187701782069e-01
4.621723387940373518e-01 1.603087617616345550e-01
4.490891765120945678e-01 1.610921167021923117e-01
4.359823821292106438e-01 1.616142906631680143e-01
4.228564127283245266e-01 1.618803097615376385e-01
4.097158272567110737e-01 1.618952243083319753e-01
3.965651931650294171e-01 1.616641140304919122e-01
3.834090627683986452e-01 1.611920857856352085e-01
3.702521527411202773e-01 1.604842815709294768e-01
3.570991537550047834e-01 1.595458758560453771e-01
3.439547428544056373e-01 1.583820723984969425e-01
3.308237114833977865e-01 1.569981157270267935e-01
3.177108555184340877e-01 1.553992844355312208e-01
3.046215569342232699e-01 1.535909349002647362e-01
2.915686679260066083e-01 1.515767933415554380e-01
2.785587624238412552e-01 1.493551953187151060e-01
2.655954335262640242e-01 1.469236397652535220e-01
2.526822211299646348e-01 1.442796272088750775e-01
2.398226314804354498e-01 1.414206605732123978e-01
2.270201810134945819e-01 1.383442539169505436e-01
2.142783495862492504e-01 1.350479216269916682e-01
2.016005629301380886e-01 1.315291707750759764e-01
1.889902508546525417e-01 1.277855144526005848e-01
1.764508319802483571e-01 1.238144677548089628e-01
1.639856446922178246e-01 1.196135232683921135e-01
1.515980316043830101e-01 1.151801743203883927e-01
1.392996219204439834e-01 1.105140424892825934e-01
1.271377119141419709e-01 1.056124723685693267e-01
1.151416572504350422e-01 1.004540242840727821e-01
1.033366863157206411e-01 9.501624210720643893e-02
9.174746426295969648e-02 8.927737490009701737e-02
8.039727230082384379e-02 8.321594759569819755e-02
6.930858369699158250e-02 7.681095147082771246e-02
5.850276023658672331e-02 7.004158003050230119e-02
4.799998041434940660e-02 6.288700208182343432e-02
3.782108929652489016e-02 5.532753407955906533e-02
2.825679978920462784e-02 4.748757300913086093e-02
1.969233796337677839e-02 3.936370641587565167e-02
1.226899106168448210e-02 3.079133384732993944e-02
6.181799538975641869e-03 2.175181803982190534e-02
2.105322035735648564e-03 1.288944912422654125e-02
2.383657479878554500e-04 4.414318086392901054e-03
4.778369476373137094e-04 -3.024285644761753357e-03
2.129593258460819958e-03 -6.846784292489770975e-03
5.654970649791349682e-03 -9.678995929861398950e-03
1.409885323052421577e-02 -1.266550529243625975e-02
2.470341264861525624e-02 -1.455058893715990148e-02
3.665565624540984002e-02 -1.531988840808256105e-02
4.970251901639529540e-02 -1.560616616961280761e-02
6.282712456967054493e-02 -1.563129195065142071e-02
7.600676706600399679e-02 -1.542809414319998469e-02
8.924209540151951947e-02 -1.503068377970281054e-02
1.025339732410250615e-01 -1.447402791651590526e-02
1.158823181123074669e-01 -1.379403602837766390e-02
1.292878128347196287e-01 -1.302751937325924772e-02
1.427507932538708557e-01 -1.221226359066285988e-02
1.562460388333854477e-01 -1.138610870167430268e-02
1.697396618407890356e-01 -1.056479095363960750e-02
1.832320061317377347e-01 -9.749305493382206395e-03
1.967231023320879513e-01 -8.940536429333990898e-03
2.102129961046693973e-01 -8.139366450813248152e-03
2.237017146235297238e-01 -7.346678832313734142e-03
2.371893069709863355e-01 -6.563355041215253316e-03
2.506757967203337989e-01 -5.790277516914733164e-03
2.641612352078574477e-01 -5.028326583137178798e-03
2.776456462604890429e-01 -4.278383615192861249e-03
2.911290790185341315e-01 -3.541328052971269569e-03
3.046115606078086957e-01 -2.818040039311406082e-03
3.180931362093403769e-01 -2.109398221776082917e-03
3.315738369608795533e-01 -1.416281484307442161e-03
3.450537039421637253e-01 -7.395676763358115767e-04
3.585327724778732961e-01 -8.013443203292770507e-05
3.720110794069338422e-01 5.611412071246495983e-04
3.854886644171459098e-01 1.183382842817558983e-03
3.989655599701261712e-01 1.785714255490982415e-03
4.124418102935696884e-01 2.367260263569204593e-03
4.259174433389482095e-01 2.927145487645326383e-03
4.393925080504759717e-01 3.464495938182395214e-03
4.528670277410666301e-01 3.978437098494519431e-03
4.663410539874541239e-01 4.468096060342384261e-03
4.798146121197167102e-01 4.932599436840746920e-03
4.932877494692499698e-01 5.371075132682523283e-03
5.067608690470800648e-01 5.782703313631279082e-03
5.202361254791481038e-01 6.167651193551185185e-03
5.337138468947745240e-01 6.526958788305417709e-03
5.471939919245936146e-01 6.861695523668293745e-03
5.606765151840892303e-01 7.172931494897482815e-03
5.741613811086747621e-01 7.461737785436277186e-03
5.876485382254842404e-01 7.729185898202972464e-03
6.011379565816620252e-01 7.976348536480833140e-03
6.146295788861371179e-01 8.204298655648933208e-03
6.281233805987139762e-01 8.414110547450172686e-03
6.416193015051639970e-01 8.606858691694575098e-03
6.551173143946275035e-01 8.783618835811819042e-03
6.686173641574284510e-01 8.945467106838621632e-03
6.821194184303638330e-01 9.093480692089171702e-03
6.956234270002007447e-01 9.228737337806580329e-03
7.091293526110757917e-01 9.352315700730416334e-03
7.226371497334670435e-01 9.465295124179439606e-03
7.361467764753741871e-01 9.568755757552718441e-03
7.496581917745833712e-01 9.663778524771560879e-03
7.631713493556699923e-01 9.751445085452418657e-03
7.766862124040427862e-01 9.832837933027088403e-03
7.902027305094060372e-01 9.909040249815877222e-03
8.037208708820627878e-01 9.981136092738651655e-03
8.172405792210382103e-01 1.005021017480828456e-02
8.307618265358545084e-01 1.011734811513580537e-02
8.442844735369372522e-01 1.018363576314103812e-02
8.578035955930174428e-01 1.024989523577907700e-02
8.712726120711022926e-01 1.030013597035431099e-02
8.846723972004322256e-01 1.029203941311280547e-02
8.980027024207875019e-01 1.018215105580506756e-02
9.112626912838682758e-01 9.928287492036738660e-03
9.244515756464471989e-01 9.489500462055166369e-03
9.375693600495138558e-01 8.825993486850555389e-03
9.506160040345487117e-01 7.899070766780726810e-03
9.635865062099270295e-01 6.671527298066099593e-03
9.762463995665671135e-01 5.081299232584626097e-03
9.884057789803387672e-01 2.944881017005020109e-03
1.000025120407617596e+00 7.908025701110497950e-05
