
1.000024996555703538e+00 7.208025879588165769e-05
9.867682583112790118e-01 3.165084224387485021e-03
9.735242521372988733e-01 6.312939367323208359e-03
9.602917087790440176e-01 9.512821112899810458e-03
9.470694204421306051e-01 1.276188440098712656e-02
9.338561391876627482e-01 1.605728792048520190e-02
9.206506353774602802e-01 1.939617986220687484e-02
9.074516837771477995e-01 2.277570108870750898e-02
8.942580302497277200e-01 2.619299366893222333e-02
8.810684729189306452e-01 2.964517985000407474e-02
8.678817328614069071e-01 3.312939563710521479e-02
8.546966158882537412e-01 3.664274834985850604e-02
8.415104576979982598e-01 4.018242315085468475e-02
8.283201610632725531e-01 4.374409277822761954e-02
8.151245367321465762e-01 4.732237270434060811e-02
8.019223821191764356e-01 5.091186146526669593e-02
7.887136429026250228e-01 5.450682465702252205e-02
7.755084812885919554e-01 5.809873230014734463e-02
7.623089469302966048e-01 6.168127184780267114e-02
7.491138937381959240e-01 6.524902077776752185e-02
7.359221515662144331e-01 6.879658350764722430e-02
7.227325292357936748e-01 7.231859033404398895e-02
7.095439201981120769e-01 7.580966920097051420e-02
6.963551034764446923e-01 7.926449854709541332e-02
6.831649973061780790e-01 8.267774025561527851e-02
6.699723967315227569e-01 8.604410833137399184e-02
6.567761980687828460e-01 8.935831054042364663e-02
6.435752421730105421e-01 9.261508865681607194e-02
6.303683944850873022e-01 9.580919789758478300e-02
6.171545338925694679e-01 9.893540993865312938e-02
6.039324979681683914e-01 1.019885256085018010e-01
5.907011953444909480e-01 1.049633485288237605e-01
5.774594383782566398e-01 1.078547231195842865e-01
5.642061566099334513e-01 1.106574867329343514e-01
5.509401395216461106e-01 1.133665251068113194e-01
5.376603281774828824e-01 1.159767106535462000e-01
5.243654935505061010e-01 1.184829673978448350e-01
5.110545714380964055e-01 1.208802047457169238e-01
4.977268862100825975e-01 1.231632662753782553e-01
4.844059636728421103e-01 1.253163465493225825e-01
4.711055376465923539e-01 1.273094290942524409e-01
4.578274847540276249e-01 1.291126805215350448e-01
4.445727463351089592e-01 1.306970190743944049e-01
4.313428965093920597e-01 1.320338858113300207e-01
4.181389640242582084e-01 1.330953810142561644e-01
4.049617122272693992e-01 1.338541869206493762e-01
3.917861442147894113e-01 1.342888207466658157e-01
3.785643187849895841e-01 1.344098821233875030e-01
3.652997875200130196e-01 1.342397041711882733e-01
3.519979062405226289e-01 1.338009989328476645e-01
3.386646948950525204e-01 1.331169121323056981e-01
3.253057455672615506e-01 1.322109920328519705e-01
3.119273139931546535e-01 1.311072472647142328e-01
2.985611461307304815e-01 1.298282983000295931e-01
2.852727953836711738e-01 1.283642909013245625e-01
2.720689335640135709e-01 1.266822115745324107e-01
2.589529065852771428e-01 1.247493879625817814e-01
2.459079532583796357e-01 1.225316068187159296e-01
2.326597576628516295e-01 1.200355993389324305e-01
2.193077087170700878e-01 1.174900007696715321e-01
2.061960525910546127e-01 1.149687647091689191e-01
1.938390301304919738e-01 1.121510564856656317e-01
1.812306575251667884e-01 1.086414471760890621e-01
1.685461176075032652e-01 1.050989435128686367e-01
1.556787475035207868e-01 1.018144634900560314e-01
1.439631811958737850e-01 9.831021364280939645e-02
1.318257060043056816e-01 9.379827797899194242e-02
1.198343706210779069e-01 8.953639521835919657e-02
1.076467051415810200e-01 8.550806508471962830e-02
9.694003262329088655e-02 8.095233436383041103e-02
8.544446874450106755e-02 7.539104787899351956e-02
7.387757841602875242e-02 7.060352396120171681e-02
6.420434350789330780e-02 6.580244067205179292e-02
5.387233584443924111e-02 5.920595773670457584e-02
4.352472212506072052e-02 5.365965644977947757e-02
3.543207316868222240e-02 4.838727670331353925e-02
2.677829863773812519e-02 4.079380157342920449e-02
1.763621231295470215e-02 3.407202078940028273e-02
1.061753885038598660e-02 2.734925198747212294e-02
5.152553173340940380e-03 1.947478418617129906e-02
1.451027060481451577e-03 1.069773181722932613e-02
-4.047725140565275087e-05 2.490311623923550238e-03
9.375510106603402415e-04 -3.036079071152697571e-03
4.310519172751116866e-03 -8.327718776685635524e-03
1.024169341097277801e-02 -1.303101792546662585e-02
1.955881364609243084e-02 -1.774293193395806711e-02
2.851598023398116064e-02 -2.217024739943819489e-02
3.915633129042632443e-02 -2.535728918524825237e-02
5.017397073318890371e-02 -2.941664515217172482e-02
6.095696167093217488e-02 -3.196886566904837135e-02
7.257186649832811365e-02 -3.466871438091769647e-02
8.438946904424446394e-02 -3.791783630361669072e-02
9.633958242678622441e-02 -3.995559966158947901e-02
1.085415034272481510e-01 -4.209351494738814564e-02
1.211768881444867524e-01 -4.485791151294658136e-02
1.331770529547686155e-01 -4.669465490486991027e-02
1.461658502356270317e-01 -4.822808318609388828e-02
1.589946850388768429e-01 -5.028839595737590040e-02
1.716213604861968334e-01 -5.223756506879512901e-02
1.844228735103926597e-01 -5.349889352644102841e-02
1.975913153058038996e-01 -5.468031840408753286e-02
2.108508812515709485e-01 -5.623813154061987202e-02
2.237345792406883194e-01 -5.759450319411869162e-02
2.367361566007909757e-01 -5.841676435593179395e-02
2.501773717757841964e-01 -5.909148999212354009e-02
2.635891906334155155e-01 -5.997623904268203215e-02
2.769775136454141196e-01 -6.085470630781751600e-02
2.901204148021119256e-01 -6.141463922856109370e-02
3.034926435897245534e-01 -6.171005825418734297e-02
3.170701532299103897e-01 -6.188968769067479392e-02
3.306381431971224805e-01 -6.199929813963184211e-02
3.441682026785042869e-01 -6.200857393426203318e-02
3.576533328042466042e-01 -6.188636654265228937e-02
3.710873877234228124e-01 -6.160218112410457275e-02
3.844633858382742742e-01 -6.112619166971006851e-02
3.977754311679512211e-01 -6.042919072444984108e-02
4.110367355739025230e-01 -5.948384122447165911e-02
4.243124053597621126e-01 -5.829182286746845826e-02
4.376117718495429187e-01 -5.688089417062321823e-02
4.509384225637139143e-01 -5.528020120219555300e-02
4.642954448728929817e-01 -5.351956932840253728e-02
4.776864847654216373e-01 -5.162939711778370688e-02
4.911145992226443324e-01 -4.964082675272826761e-02
5.045809515684522850e-01 -4.758579384135368934e-02
5.180597868595393507e-01 -4.549072272031148834e-02
5.315433634748895075e-01 -4.336405304822534001e-02
5.450324459651220144e-01 -4.121167053943537717e-02
5.585277326556671307e-01 -3.903949472797337006e-02
5.720300541743567058e-01 -3.685344719498569871e-02
5.855400772975897228e-01 -3.465949939218807008e-02
5.990513437591545864e-01 -3.246480277466627651e-02
6.125545918734434103e-01 -3.027696709755793233e-02
6.260504634290087189e-01 -2.810197216542945076e-02
6.395396654276682691e-01 -2.594576362839576614e-02
6.530230116737765211e-01 -2.381424671667537601e-02
6.665011697825576897e-01 -2.171332658967063678e-02
6.799749499837345335e-01 -1.964886283536431896e-02
6.934450468412949320e-01 -1.762670996858563613e-02
7.069122162104757301e-01 -1.565269010210101203e-02
7.203771945792070142e-01 -1.373260551649463541e-02
7.338406923422103878e-01 -1.187223936514268663e-02
7.473034837133507580e-01 -1.007734342946576232e-02
7.607662431361097433e-01 -8.353660442001656361e-03
7.742297788253478252e-01 -6.706893632016017008e-03
7.876947394267974634e-01 -5.142744071596405328e-03
8.011619562219740587e-01 -3.666869477920017047e-03
8.146320856885383987e-01 -2.284926050237427991e-03
8.281059569837485590e-01 -1.002530739080307980e-03
8.415842515643472410e-01 1.747051746678915211e-04
8.550675752080709735e-01 1.241183056754413972e-03
8.685430503325530793e-01 2.187074002094979795e-03
8.819997324936345029e-01 2.993708539433577540e-03
8.954340834275040795e-01 3.641641664562427372e-03
9.088431100434601895e-01 4.111719718860564615e-03
9.222232779240083778e-01 4.385030250961381715e-03
9.355717662040101690e-01 4.442940673136248388e-03
9.488853495188122045e-01 4.267065374794655822e-03
9.621598032000169276e-01 3.839328171140577763e-03
9.751915917812943313e-01 3.108771818624855160e-03
9.877984927563452366e-01 1.881999864789862852e-03
1.000003273022262773e+00 -4.427342501323424306e-05
