
9.999889485996379390e-01 1.583926329123539010e-03
9.871720072858453099e-01 5.423616207529552598e-03
9.743488076547914822e-01 9.268117827865254843e-03
9.615259902074023701e-01 1.311146486763655958e-02
9.487057174344727395e-01 1.694903705901784977e-02
9.358871932054753096e-01 2.077711108416586613e-02
9.230695777371199506e-01 2.459198675300744777e-02
9.102520577474162433e-01 2.838996598366387222e-02
8.974338240371608766e-01 3.216735951549778982e-02
8.846140429960558382e-01 3.592049522677732282e-02
8.717919384625706369e-01 3.964569412735863968e-02
8.589666567883342818e-01 4.333930968985932886e-02
8.461374462066783009e-01 4.699767586422798349e-02
8.333034538082318976e-01 5.061716547625274426e-02
8.204639107815652199e-01 5.419413724755437617e-02
8.076180027236582459e-01 5.772497260965422233e-02
7.947649280914080849e-01 6.120605907735014728e-02
7.819039130370950552e-01 6.463378650383036494e-02
7.690341232851839459e-01 6.800457052578008643e-02
7.561548154650076237e-01 7.131481251956249545e-02
7.432651485251163814e-01 7.456094881510788586e-02
7.303643529429028058e-01 7.773940680527707814e-02
7.174516324202011575e-01 8.084663018799384537e-02
7.045261703810518084e-01 8.387907660388671527e-02
6.915870059319041419e-01 8.683326984550819583e-02
6.786324634681242252e-01 8.970651720915197302e-02
6.656626607667066597e-01 9.249636296855870410e-02
6.526779772341497754e-01 9.520032621634652581e-02
6.396787860729303832e-01 9.781593149743957050e-02
6.266654991162116106e-01 1.003407000802302579e-01
6.136384662375266030e-01 1.027721698174024201e-01
6.005980858433331848e-01 1.051078735064940456e-01
5.875447324884806033e-01 1.073453528905696924e-01
5.744787658422438881e-01 1.094821563484256466e-01
5.614005924389352531e-01 1.115158289701456140e-01
5.483105495141085139e-01 1.134439311342291534e-01
5.352090165371218289e-01 1.152640206432799935e-01
5.220963654980432800e-01 1.169736607845093118e-01
5.089729357283373501e-01 1.185704229983934876e-01
4.958391207690903690e-01 1.200518759531281482e-01
4.826962147187747187e-01 1.214153032245261915e-01
4.695458442633975160e-01 1.226573588177321122e-01
4.563891874879360544e-01 1.237746384633336555e-01
4.432273357375693390e-01 1.247637543998026122e-01
4.300614337423069311e-01 1.256213228390118397e-01
4.168926133358595854e-01 1.263439701034211604e-01
4.037219581847710792e-01 1.269283335321799988e-01
3.905506006367943095e-01 1.273710563276284069e-01
3.773796256310857355e-01 1.276687919830870321e-01
3.642101012444066144e-01 1.278182016266858900e-01
3.510431384663748045e-01 1.278159535037507455e-01
3.378797752917115371e-01 1.276587235240758678e-01
3.247210558403573200e-01 1.273431933928771409e-01
3.115680604405051124e-01 1.268660522789869516e-01
2.984217808345809853e-01 1.262239922555080940e-01
2.853010840411582261e-01 1.254116957347091166e-01
2.722415591034874627e-01 1.244069846524734346e-01
2.592546200340284379e-01 1.231803131840077392e-01
2.463511585793724812e-01 1.217028183327414498e-01
2.335418322606713504e-01 1.199463436036354164e-01
2.208368360287032983e-01 1.178833959972799966e-01
2.082455328017714935e-01 1.154870341683463114e-01
1.957753688342342702e-01 1.127305294710723299e-01
1.833296321668023976e-01 1.095865698400136784e-01
1.708250599452497687e-01 1.061010715534929788e-01
1.582430710468960278e-01 1.023522062576479874e-01
1.455699959261141929e-01 9.842507880890306871e-02
1.330237390285460564e-01 9.441954214791908884e-02
1.207768566510145358e-01 9.026625205014718323e-02
1.088720377682707990e-01 8.584319317142330430e-02
9.734357115141233086e-02 8.103852154927157492e-02
8.591227465085009285e-02 7.567828601000825550e-02
7.423806611641725617e-02 6.980714347298852540e-02
6.254456185129314560e-02 6.375936768022683054e-02
5.136572258960054455e-02 5.764767184363930180e-02
4.082313491931789662e-02 5.128314784330983978e-02
3.100595741038503217e-02 4.450470835227884892e-02
2.198315786107647024e-02 3.717512176246816347e-02
1.389483046212055400e-02 2.917944166979854342e-02
6.902097680365931395e-03 2.034190738475324250e-02
2.209276244234003282e-03 1.174644096664824271e-02
1.899793153489609792e-04 4.202426538082802698e-03
4.381221765147979945e-04 -2.520461659068213081e-03
2.991995693409954787e-03 -9.599263727477701583e-03
8.026270891953882561e-03 -1.671373402197141519e-02
1.490603987712520694e-02 -2.263045250581453491e-02
2.342838538976236770e-02 -2.709439360735045599e-02
3.361933475637764873e-02 -3.044994164632095976e-02
4.494801370466082469e-02 -3.280483096895813605e-02
5.736315830171268698e-02 -3.456108018888028738e-02
7.002688738490484011e-02 -3.590085698591687774e-02
8.278049471055395903e-02 -3.684640398982074599e-02
9.564923153236407072e-02 -3.744630262692668493e-02
1.086387263458135910e-01 -3.776264670452208344e-02
1.217473834691833040e-01 -3.786068362883219379e-02
1.349737036244118837e-01 -3.780909346727378412e-02
1.483165910544879951e-01 -3.768016508020063937e-02
1.616981330709643394e-01 -3.754369555422738813e-02
1.750793191072583244e-01 -3.742012097937547077e-02
1.884626059721140612e-01 -3.730696536843079031e-02
2.018482129289709825e-01 -3.720166889472190791e-02
2.152363449001169216e-01 -3.710166747127262299e-02
2.286271993051283702e-01 -3.700439265643885173e-02
2.420176319132827936e-01 -3.690729601676263905e-02
2.554035820589827255e-01 -3.680783533972438459e-02
2.687851842032434879e-01 -3.670344205188830894e-02
2.821626786055858038e-01 -3.659155119793219835e-02
2.955362315168847953e-01 -3.646960283825439325e-02
3.089067569507128463e-01 -3.633512226427289271e-02
3.222770761572526510e-01 -3.618696463111004125e-02
3.356474825775858095e-01 -3.602506009971983419e-02
3.490179433747954141e-01 -3.584936984653429998e-02
3.623884260993184836e-01 -3.565985504489036645e-02
3.757588981747549406e-01 -3.545647687112273710e-02
3.891293268926702686e-01 -3.523919650531575493e-02
4.024996799398017910e-01 -3.500797512260804545e-02
4.158699243462924966e-01 -3.476277391097506997e-02
4.292400280519809708e-01 -3.450355404348699750e-02
4.426099578610277474e-01 -3.423027671642270287e-02
4.559796818108120542e-01 -3.394290310309046321e-02
4.693491668502155489e-01 -3.364139440091337002e-02
4.827183807549005334e-01 -3.332571179095757119e-02
4.960872907400051823e-01 -3.299581646852453587e-02
5.094558643169175838e-01 -3.265166962362876790e-02
5.228240689696691534e-01 -3.229323244827621980e-02
5.361918719428164781e-01 -3.192046614264603538e-02
5.495592409919223265e-01 -3.153333189424806920e-02
5.629261430921534970e-01 -3.113179091466840992e-02
5.762925462316710323e-01 -3.071580438700978119e-02
5.896584172384156108e-01 -3.028533353158459340e-02
6.030237241156609640e-01 -2.984033953319239346e-02
6.163884338693481624e-01 -2.938078361062254271e-02
6.297525142329951642e-01 -2.890662695996419271e-02
6.431159324872902650e-01 -2.841783079445569377e-02
6.564786560934366966e-01 -2.791435632276701231e-02
6.698406526095128655e-01 -2.739616475130598333e-02
6.832018892218529871e-01 -2.686321730264136509e-02
6.965623337685634686e-01 -2.631547517504331107e-02
7.099193079101193682e-01 -2.575261371119955123e-02
7.232648545792116357e-01 -2.517031602103909568e-02
7.365978169642842799e-01 -2.456146173442552705e-02
7.499177451534051464e-01 -2.391890018016893174e-02
7.632240578302523781e-01 -2.323552159257942507e-02
7.765162434410268766e-01 -2.250424763628257330e-02
7.897938000867633646e-01 -2.171803369201149442e-02
8.030561473841864029e-01 -2.086987426933033934e-02
8.163028557518741124e-01 -1.995278842651842383e-02
8.295333345876931830e-01 -1.895983975349570597e-02
8.427471481446909829e-01 -1.788411434746451159e-02
8.559437992151190944e-01 -1.671873545569130606e-02
8.691227699524677330e-01 -1.545686126731404472e-02
8.822836674585896599e-01 -1.409166989877299984e-02
8.954259742299315317e-01 -1.261638299725793312e-02
9.085724421553311725e-01 -1.102450135090147360e-02
9.218086222196164581e-01 -9.343639419749789551e-03
9.350648944190955714e-01 -7.652622279302873781e-03
9.482236328191380181e-01 -6.037466561004744409e-03
9.612894565183309759e-01 -4.565618821892612582e-03
9.742697369818585917e-01 -3.301027368284679443e-03
9.871714709844822133e-01 -2.304727168492306383e-03
1.000001820425670651e+00 -1.634984060946100947e-03
