
9.999979658770479229e-01 -2.002429771370740246e-05
9.871301652863103682e-01 3.124672714490637441e-03
9.742599901018773600e-01 6.250368202424767122e-03
9.613872077323362131e-01 9.355926474418140709e-03
9.485115628416095346e-01 1.244021831166957845e-02
9.356328138248889426e-01 1.550211213066307082e-02
9.227507150926366197e-01 1.854047826623043960e-02
9.098650156846351811e-01 2.155418925528427426e-02
8.969754800057319066e-01 2.454211499278207559e-02
8.840818484085777307e-01 2.750313190189516283e-02
8.711838924926634808e-01 3.043611015279602469e-02
8.582813508075725073e-01 3.333992841271417318e-02
8.453739887934452746e-01 3.621346017894994801e-02
8.324615555641835529e-01 3.905558356224294453e-02
8.195438060040959316e-01 4.186517629937792223e-02
8.066205000102364409e-01 4.464111598492660066e-02
7.936913815649573323e-01 4.738228454516074661e-02
7.807562215502371616e-01 5.008755911436779673e-02
7.678147575840105210e-01 5.275582473850720655e-02
7.548667570909790570e-01 5.538596115626657351e-02
7.419119665560193200e-01 5.797685332072110426e-02
7.289501424329336565e-01 6.052738503159070527e-02
7.159810426713738574e-01 6.303644071440057950e-02
7.030044116245224295e-01 6.550290828424248923e-02
6.900212869556241468e-01 6.792526207626611856e-02
6.770359949127097154e-01 7.029901079656852847e-02
6.640488753210892492e-01 7.261872216994202933e-02
6.510597172977782288e-01 7.487904893061950173e-02
6.380683380053868703e-01 7.707465880924771473e-02
6.250745973058284832e-01 7.920023279085715295e-02
6.120782596553864252e-01 8.125048770376211427e-02
5.990792094758486952e-01 8.322014132013513810e-02
5.860772230927863147e-01 8.510394842733283449e-02
5.730721223206589610e-01 8.689667649782120695e-02
5.600637620861960153e-01 8.859310874756354259e-02
5.470518968526013603e-01 9.018806123140542252e-02
5.340363813122801506e-01 9.167635657338019106e-02
5.210169950314809117e-01 9.305284580690841023e-02
5.079935043312630016e-01 9.431239926844400823e-02
4.949652609577166462e-01 9.544995447654482101e-02
4.819171904481737712e-01 9.646580181458550007e-02
4.688423853452577394e-01 9.736928939429564944e-02
4.557421026735995473e-01 9.817054406729883165e-02
4.426178041741849478e-01 9.887975647692737180e-02
4.294707477099378723e-01 9.950720628944903501e-02
4.163023719707634740e-01 1.000632410358482105e-01
4.031140726214152981e-01 1.005582890299341614e-01
3.899136713529977594e-01 1.010018791043935799e-01
3.767339973278505116e-01 1.013885829631132746e-01
3.635805387362103791e-01 1.017014837083461409e-01
3.504539075906484835e-01 1.019235979318008495e-01
3.373549119682800468e-01 1.020381413122979780e-01
3.242844257465106184e-01 1.020285336300075091e-01
3.112429999093144772e-01 1.018783944162640204e-01
2.982313923364104946e-01 1.015715380325117878e-01
2.852421733993610875e-01 1.010932820226523726e-01
2.722662323379026472e-01 1.004371886231887612e-01
2.593062451400396928e-01 9.959986879027411810e-02
2.463650184920880559e-01 9.857795164989918701e-02
2.334452956344647279e-01 9.736807334079593257e-02
2.205498382201210306e-01 9.596688244409384838e-02
2.076814077643756029e-01 9.437103952359471304e-02
1.948426782126720103e-01 9.257720486166404195e-02
1.820363378167141055e-01 9.058204874897014813e-02
1.692650900591737284e-01 8.838225326146101346e-02
1.565315379694300346e-01 8.597449120036122772e-02
1.438406783569927683e-01 8.335580433048012106e-02
1.312382175102684290e-01 8.052056660588106929e-02
1.187581048650370313e-01 7.744184591492840608e-02
1.064217649798460258e-01 7.408921128441418869e-02
9.425010171212117038e-02 7.043321225103993388e-02
8.226314092859149385e-02 6.644526654380948638e-02
7.048473985038564149e-02 6.209920213898454527e-02
5.904706494328203908e-02 5.738255056949026489e-02
4.804292385480806588e-02 5.221612274353974043e-02
3.751209894128264971e-02 4.650451907060212942e-02
2.748238774907514961e-02 4.015473657540895996e-02
1.825332156177757875e-02 3.324028657446691237e-02
1.062711169118009912e-02 2.582893109555916070e-02
4.649790017416716506e-03 1.748605244657942467e-02
1.163731146412388820e-03 9.392713217721474980e-03
1.976976154687572727e-04 2.491590342228797075e-03
1.285601671960797049e-03 -3.534863812055444223e-03
4.576961347356757123e-03 -9.662620049244627710e-03
1.022677237480457482e-02 -1.549321122982193731e-02
1.785514318121410662e-02 -2.015738411368220989e-02
2.790285462867976227e-02 -2.387457335909915976e-02
3.904324699906569496e-02 -2.662895705396682230e-02
5.058334035838157883e-02 -2.840952314466945947e-02
6.259060580618762415e-02 -2.941008839962855337e-02
7.511250345537914819e-02 -2.985707565408729502e-02
8.796861224812933810e-02 -2.998897719692901476e-02
1.009037529016345441e-01 -2.989303314080781621e-02
1.139138418002167003e-01 -2.961022073099201998e-02
1.269967780337733498e-01 -2.918290921245689229e-02
1.401511111580632518e-01 -2.865483028693849299e-02
1.533731206901950139e-01 -2.807118092992005182e-02
1.666195515458154808e-01 -2.746818639339964480e-02
1.798691215953684974e-01 -2.685429173425040936e-02
1.931222262720973526e-01 -2.623324545707638941e-02
2.063791273009824567e-01 -2.560881208731781433e-02
2.196331942435145734e-01 -2.498508926973423347e-02
2.328806473974394942e-01 -2.436603832328136307e-02
2.461219676649441523e-01 -2.375541047506445416e-02
2.593575267763089109e-01 -2.315695231320330505e-02
2.725877788539059488e-01 -2.257439696764547074e-02
2.858131236786515261e-01 -2.201147038207585532e-02
2.990339859044774395e-01 -2.147188778384016838e-02
3.122543337068292568e-01 -2.095852604621032539e-02
3.254796161211431782e-01 -2.047024688731333142e-02
3.387097748459053648e-01 -2.000472081780776956e-02
3.519446991011201953e-01 -1.955961522968921104e-02
3.651842028638643822e-01 -1.913259633177192762e-02
3.784281666823691714e-01 -1.872132433397704493e-02
3.916764218060845848e-01 -1.832345724791049554e-02
4.049288309682509412e-01 -1.793664831570520798e-02
4.181852424313325933e-01 -1.755854742955772693e-02
4.314455021336078278e-01 -1.718680073848675299e-02
4.447094742612480722e-01 -1.681905007636109312e-02
4.579767078020230420e-01 -1.645294216765397569e-02
4.712421431058703702e-01 -1.608624785464991130e-02
4.845037152657802881e-01 -1.571665669323505515e-02
4.977612380558206207e-01 -1.534181016182116150e-02
5.110206952190703422e-01 -1.496023633122209665e-02
5.242795219397479167e-01 -1.457860093535286519e-02
5.375230062115321505e-01 -1.420745588732532684e-02
5.507513991004374665e-01 -1.385687357107554148e-02
5.639650425602519279e-01 -1.353685427113834015e-02
5.771643129220173085e-01 -1.325732878890551608e-02
5.903494543450797938e-01 -1.302816237137175565e-02
6.035222030553589745e-01 -1.285907576265567058e-02
6.167092357374235334e-01 -1.275155880972916704e-02
6.299218533445090085e-01 -1.269141470389570370e-02
6.431599163202041947e-01 -1.266253212048651031e-02
6.564228743153489587e-01 -1.264861879520115875e-02
6.696818546370113534e-01 -1.263324529610960686e-02
6.829157144203972241e-01 -1.259999714961928564e-02
6.961244250605578276e-01 -1.253261349573919943e-02
7.093140388094287818e-01 -1.241590441321004795e-02
7.225044195042850115e-01 -1.224518151404430273e-02
7.356970276564044342e-01 -1.202247986205787385e-02
7.488918491153847556e-01 -1.174994965184328506e-02
7.620888654183723965e-01 -1.142974445233923761e-02
7.752880857240925794e-01 -1.106402034388087076e-02
7.884894710541890950e-01 -1.065493793985341879e-02
8.016930385340851339e-01 -1.020465944622013336e-02
8.148987510054837013e-01 -9.715352065892848485e-03
8.281066090222145570e-01 -9.189184998753756328e-03
8.413165969820503021e-01 -8.628331282869135602e-03
8.545286933545491737e-01 -8.034967542007344019e-03
8.677429033221235599e-01 -7.411272475476952080e-03
8.809591863895589459e-01 -6.759430219779518668e-03
8.941775622278158586e-01 -6.081625286614203083e-03
9.073979856816178913e-01 -5.380048746774809647e-03
9.206204655691414551e-01 -4.656892201837702083e-03
9.338449754536113367e-01 -3.914352435182824087e-03
9.470715064372825509e-01 -3.154628602867666411e-03
9.603000499133955703e-01 -2.379923144167058868e-03
9.735305804454384981e-01 -1.592442818825602928e-03
9.867631063471274944e-01 -7.943957116835459031e-04
9.999975867759977044e-01 1.200380067875181065e-05
