
1.000064488235269167e+00 3.409706711100451369e-05
9.871528777424167789e-01 3.707625467049829350e-03
9.742529365509305928e-01 7.411923350149021705e-03
9.613627870745863335e-01 1.114318205650127042e-02
9.484806118748756454e-01 1.489756384576521216e-02
9.356045680637401496e-01 1.867122628964294415e-02
9.227327966824168115e-01 2.246031956337921770e-02
9.098634859341983017e-01 2.626096766392011991e-02
8.969947379147074074e-01 3.006930759383620588e-02
8.841251293647784948e-01 3.388132330562791672e-02
8.712609590558406669e-01 3.769070104974799051e-02
8.584040129993135704e-01 4.149246768722907042e-02
8.455524836706181935e-01 4.528272687010192338e-02
8.327045118229560172e-01 4.905761013083936167e-02
8.198582615526273099e-01 5.281325462377692292e-02
8.070119133355909691e-01 5.654580521256696163e-02
7.941635989723127009e-01 6.025143324012843804e-02
7.813115415103631944e-01 6.392629598922272560e-02
7.684538534890190675e-01 6.756659459309545535e-02
7.555887519533199814e-01 7.116851238411901759e-02
7.427143830557674242e-01 7.472826459466908045e-02
7.298289252386220838e-01 7.824206896671799527e-02
7.169305732166389999e-01 8.170615040262531326e-02
7.040174636296432364e-01 8.511676057786465854e-02
6.910883313592638411e-01 8.846994719257730844e-02
6.781439347424786934e-01 9.176063314001139948e-02
6.651850048247137659e-01 9.498340377165608028e-02
6.522122022667702357e-01 9.813287694856571985e-02
6.392261413005767556e-01 1.012037004353821962e-01
6.262275440523974446e-01 1.041905155552477202e-01
6.132170110446387712e-01 1.070880113889794566e-01
6.001952174969985565e-01 1.098908790619131659e-01
5.871628494870388959e-01 1.125938277052009884e-01
5.741205165233700392e-01 1.151916022311612747e-01
5.610689213350305016e-01 1.176789486877670432e-01
5.480086954271732314e-01 1.200506476837230468e-01
5.349404630997023347e-01 1.223015006804367977e-01
5.218649324143425083e-01 1.244263154590117687e-01
5.087826809453830368e-01 1.264199421105967891e-01
4.956943383990802809e-01 1.282772416004101246e-01
4.826005784620291950e-01 1.299930896551090842e-01
4.695019463395794790e-01 1.315623991379592239e-01
4.563990499832023540e-01 1.329800932812743863e-01
4.432925106552094707e-01 1.342411138572485174e-01
4.301828382760166658e-01 1.353404318247185545e-01
4.170705918084081643e-01 1.362730299773257658e-01
4.039563383580322409e-01 1.370339081043299434e-01
3.908405314887123394e-01 1.376180881279102652e-01
3.777236593924923613e-01 1.380206026682206655e-01
3.646062323372739611e-01 1.382364972787178403e-01
3.514886272809533141e-01 1.382608309766689136e-01
3.383712512128538852e-01 1.380886693773769602e-01
3.252545267220630087e-01 1.377150858685514956e-01
3.121387644893539037e-01 1.371351556798564020e-01
2.990240973943964486e-01 1.363439435999370952e-01
2.858990268394370760e-01 1.353389137793387931e-01
2.727609923425597382e-01 1.341279744813403396e-01
2.596184773439705884e-01 1.327217655322257273e-01
2.464799032677731927e-01 1.311310313690829399e-01
2.333536939219540696e-01 1.293666178535005373e-01
2.202484197802480892e-01 1.274394875336507249e-01
2.071725317246532749e-01 1.253606780094189965e-01
1.941495029408093487e-01 1.231425245028174298e-01
1.812958736853163555e-01 1.207714999429388425e-01
1.686426302218839435e-01 1.181732697230389872e-01
1.561954981279667365e-01 1.152712056427149662e-01
1.439436923276314617e-01 1.119900804127222649e-01
1.318181961622476306e-01 1.082729200071430725e-01
1.198240330027110362e-01 1.041144492534473442e-01
1.079803729987646177e-01 9.951470865748347772e-02
9.630615087111316086e-02 9.447381173251873099e-02
8.482004762688583055e-02 8.899191358024947929e-02
7.354234789893766833e-02 8.307014668329731899e-02
6.261185371045679959e-02 7.674798681612972351e-02
5.219687962810874715e-02 7.001682615274544552e-02
4.240768141801175978e-02 6.283816621790905277e-02
3.333869184691402865e-02 5.517767904429138337e-02
2.506593044562478723e-02 4.699982989776080311e-02
1.744210496353213943e-02 3.807318581721316764e-02
1.010455821224800696e-02 2.804638060143276393e-02
4.232504458495788859e-03 1.817546192576040276e-02
8.850946899167652171e-04 9.363503573927242987e-03
-2.483899219377452318e-05 1.679696473253051818e-03
1.284886591852563544e-03 -5.662099734022813316e-03
4.931281649788435764e-03 -1.306207743791586162e-02
1.049715822855726635e-02 -1.935981839676867433e-02
1.752149986539476567e-02 -2.388263887311776676e-02
2.730631670838282524e-02 -2.751950587297309972e-02
3.859285083221569018e-02 -3.036466373661185839e-02
5.038207637482804147e-02 -3.231869054621321763e-02
6.268088811757382972e-02 -3.355784274434935044e-02
7.547305368250840918e-02 -3.429380356905779859e-02
8.851970173419256016e-02 -3.473025967041118434e-02
1.016254009385573059e-01 -3.493221900329411544e-02
1.147910985758087699e-01 -3.493875555487693796e-02
1.280184407505339517e-01 -3.479011581451063595e-02
1.413095104735906382e-01 -3.452772799799600639e-02
1.546614825417468031e-01 -3.419409567743831452e-02
1.680317431542713846e-01 -3.381845257824964146e-02
1.814071381702729024e-01 -3.340672192869959672e-02
1.947876842447126278e-01 -3.296264543984815665e-02
2.081734936581740858e-01 -3.248997118491823988e-02
2.215645621866235704e-01 -3.199246076348177814e-02
2.349609861658024379e-01 -3.147388176559574868e-02
2.483627957940810482e-01 -3.093801381804103801e-02
2.617700545771714515e-01 -3.038864489489113627e-02
2.751828258346242784e-01 -2.982957258457842251e-02
2.886011431145790729e-01 -2.926460538972789488e-02
3.020236135613537654e-01 -2.869761951862110499e-02
3.154453757038246930e-01 -2.813166882344245168e-02
3.288671861857261902e-01 -2.756706805389142270e-02
3.422890452314400478e-01 -2.700376827499542318e-02
3.557109543980349065e-01 -2.644172049416216447e-02
3.691329142540304975e-01 -2.588087575868600054e-02
3.825549260120543194e-01 -2.532118508729712045e-02
3.959769905843578131e-01 -2.476259950970485790e-02
4.093991088395457778e-01 -2.420507005581885168e-02
4.228212820331878619e-01 -2.364854773789653100e-02
4.362435106902929349e-01 -2.309298359689894789e-02
4.496657964093246918e-01 -2.253832862775000112e-02
4.630881394605922963e-01 -2.198453387870197631e-02
4.765105415196371208e-01 -2.143155033839018106e-02
4.899330029504748718e-01 -2.087932904794359903e-02
5.033555251690813304e-01 -2.032782100357012275e-02
5.167781088811490564e-01 -1.977697722910874353e-02
5.302007551607278435e-01 -1.922674873166360307e-02
5.436234650547456804e-01 -1.867708651787542903e-02
5.570462392957775677e-01 -1.812794160565864635e-02
5.704690792715368941e-01 -1.757926498453283790e-02
5.838919853735804466e-01 -1.703100768315156735e-02
5.973149593299502680e-01 -1.648312067397569858e-02
6.107380013437850863e-01 -1.593555499013719554e-02
6.241611130265823926e-01 -1.538826160569930351e-02
6.375842948675433108e-01 -1.484119153891056211e-02
6.510075481562096478e-01 -1.429429577379510638e-02
6.644308737208863835e-01 -1.374752531158433995e-02
6.778542725117949752e-01 -1.320083114694696816e-02
6.912777344795346668e-01 -1.265416472091665523e-02
7.047011547187116420e-01 -1.210748133637179827e-02
7.181245052987014210e-01 -1.156073316218996470e-02
7.315477878540013190e-01 -1.101387116478901376e-02
7.449710026096334481e-01 -1.046684636959845441e-02
7.583941512482641478e-01 -9.919609744247289904e-03
7.718172342054390178e-01 -9.372112308786045495e-03
7.852402528245145952e-01 -8.824305047844619929e-03
7.986632078810360635e-01 -8.276138970804453043e-03
8.120861003785833088e-01 -7.727565079338746118e-03
8.255089314331655048e-01 -7.178534372109154557e-03
8.389317017081258099e-01 -6.628997867889143553e-03
8.523544126603954663e-01 -6.078906554555159845e-03
8.657770646126314862e-01 -5.528211468052370188e-03
8.791996592605577643e-01 -4.976863589608030575e-03
8.926221968934402451e-01 -4.424813959776599873e-03
9.060446790700948938e-01 -3.872013568531940814e-03
9.194671063537577238e-01 -3.318413448395636685e-03
9.328894799613380862e-01 -2.763964606558958273e-03
9.463118007986734970e-01 -2.208618064622339897e-03
9.597340697403319298e-01 -1.652324847092392045e-03
9.731562880351867229e-01 -1.095035964541197409e-03
9.865784562150401449e-01 -5.367024589033380852e-04
1.000000575872227904e+00 2.272467039949269214e-05
