
1.000004329419429849e+00 5.954280734687327441e-05
9.879456565523533351e-01 4.847468838978543498e-03
9.757633365916482671e-01 9.428523098906637506e-03
9.634665396318797814e-01 1.383304758566402705e-02
9.510644434942647774e-01 1.809215237100361695e-02
9.385675055272394429e-01 2.223732682530998872e-02
9.259858089876999987e-01 2.630105143127850140e-02
9.133300628163645296e-01 3.031648486657171834e-02
9.006123471096164623e-01 3.431726733994971273e-02
8.879037566395933112e-01 3.831925102210061856e-02
8.751985456900651661e-01 4.234557099203153929e-02
8.624802778924910429e-01 4.638269198172544766e-02
8.497882242096689298e-01 5.039367304742860265e-02
8.371181410615443630e-01 5.435569174428740019e-02
8.244628996157082890e-01 5.824721667246096635e-02
8.118159377456962700e-01 6.204691030900748305e-02
7.991702098399452447e-01 6.573394179926478342e-02
7.865095662574910218e-01 6.929244143366104780e-02
7.738153435352934650e-01 7.272032088095599367e-02
7.610885857791248599e-01 7.601491661800041655e-02
7.483307574385651417e-01 7.917346375964290361e-02
7.355432759022449973e-01 8.219321564703845062e-02
7.227276050317067435e-01 8.507142087369654049e-02
7.098851628818245718e-01 8.780534528877172173e-02
6.970173738076247405e-01 9.039225934291021669e-02
6.841256841679262957e-01 9.282943577598784524e-02
6.712114800739737985e-01 9.511416520664385532e-02
6.582761919659370076e-01 9.724373607820399612e-02
6.453212159406221948e-01 9.921544906734430791e-02
6.323479307547372752e-01 1.010266128726286100e-01
6.193577575755895293e-01 1.026745360901882981e-01
6.063475781338082404e-01 1.041578642068366617e-01
5.933112629996929455e-01 1.054807239098174421e-01
5.802502372228289795e-01 1.066483932568723231e-01
5.671662548615452604e-01 1.076661404574292130e-01
5.540609727340899404e-01 1.085392635054975435e-01
5.409361693069616450e-01 1.092730734975135842e-01
5.277935980452739262e-01 1.098729067011700172e-01
5.146349835939790784e-01 1.103441229735920570e-01
5.014621709770907820e-01 1.106921008343980939e-01
4.882768831810910815e-01 1.109222457372208981e-01
4.750809748676579347e-01 1.110399831306723428e-01
4.618762367563037929e-01 1.110507629720854650e-01
4.486644729317049163e-01 1.109600575626386171e-01
4.354478759897358331e-01 1.107733562576994485e-01
4.222390568746174910e-01 1.104933047592256690e-01
4.090445429460365379e-01 1.101154004437753103e-01
3.958651226367445042e-01 1.096340673179107550e-01
3.827014598221477604e-01 1.090437483395872015e-01
3.695542653704746439e-01 1.083389101596831799e-01
3.564242500098324107e-01 1.075140419847267215e-01
3.433120334056135592e-01 1.065636485858713900e-01
3.302183526986531281e-01 1.054822639802104056e-01
3.171437808528410063e-01 1.042644296858500769e-01
3.040889698466807678e-01 1.029047124371622463e-01
2.910545406695630999e-01 1.013976950010314626e-01
2.780418908229123076e-01 9.973809972179364935e-02
2.650550812412338919e-01 9.792106672813587209e-02
2.520985191848246765e-01 9.594181585825665992e-02
2.391766371148948134e-01 9.379559770624035231e-02
2.262938973334465698e-01 9.147769780648130900e-02
2.134546182847195384e-01 8.898340562157552869e-02
2.006631871430081537e-01 8.630805189664610133e-02
1.879239381193504310e-01 8.344698733505155619e-02
1.752411155866821224e-01 8.039557124265167554e-02
1.626190168616430953e-01 7.714920389911028575e-02
1.500618400785164175e-01 7.370328978197826508e-02
1.375737264710560070e-01 7.005324349127231565e-02
1.251588515138223889e-01 6.619451532852056730e-02
1.128212730615960752e-01 6.212254457850040212e-02
1.005650012599128978e-01 5.783277471876911019e-02
8.839406121218223999e-02 5.332067357407167113e-02
7.631260934758081482e-02 4.858178295357025445e-02
6.437575356342510602e-02 4.362176965841715187e-02
5.266552577158269827e-02 3.841461355895479934e-02
4.122130740465002052e-02 3.290908166791838008e-02
3.007866790357819481e-02 2.705585468523667020e-02
1.927055574463634388e-02 2.080765335374469560e-02
1.011141574664299950e-02 1.471056943456939235e-02
3.810951883371052444e-03 8.601678107864317926e-03
6.489033681137356107e-04 3.135857717092078133e-03
1.796101715241682376e-04 -8.390309195869587134e-04
1.601627352227951231e-03 -4.841266808435058799e-03
5.749198646080356384e-03 -9.251255627059784201e-03
1.279614040382358320e-02 -1.320110136053728560e-02
2.285904999174445673e-02 -1.630319063614011146e-02
3.465308204299407530e-02 -1.886085072839467289e-02
4.681096398625735761e-02 -2.077114090366168064e-02
5.933588215010938277e-02 -2.217980434319956340e-02
7.222111530496685972e-02 -2.325295175225466915e-02
8.536680364685661493e-02 -2.416333945181113260e-02
9.852049429842245354e-02 -2.495801304747933755e-02
1.116626891164782115e-01 -2.562498387444280337e-02
1.247913630192201417e-01 -2.615262480916123039e-02
1.379046235326232273e-01 -2.652941616527686522e-02
1.510006727338595589e-01 -2.674393855920448662e-02
1.640775184482240190e-01 -2.678486827706218903e-02
1.771355143949509547e-01 -2.664107461745133729e-02
1.901978205626345397e-01 -2.630907862323002971e-02
2.032718962965053833e-01 -2.579826586114719253e-02
2.163567961783567917e-01 -2.511934623396497313e-02
2.294517466711596954e-01 -2.428310730884028143e-02
2.425558470143039935e-01 -2.330042872292155745e-02
2.556681071928000870e-01 -2.218228617384257473e-02
2.687877541076633126e-01 -2.093972524098066876e-02
2.819136740788208417e-01 -1.958391184292913520e-02
2.950450260842552574e-01 -1.812607572428642788e-02
3.081813582556824915e-01 -1.657745626999653291e-02
3.213239956577210177e-01 -1.494909588806475620e-02
3.344746334310678693e-01 -1.325206842714019007e-02
3.476348372595154390e-01 -1.149755276443291049e-02
3.608063838294983672e-01 -9.696789362819178276e-03
3.739907947481740935e-01 -7.861143799858416603e-03
3.871899110108119602e-01 -6.002029145490279417e-03
4.004045568167886593e-01 -4.131094428214657395e-03
4.136138951880263814e-01 -2.263135265738352216e-03
4.268081218366380769e-01 -4.113614731620163570e-04
4.399887280142233958e-01 1.412707309848683195e-03
4.531577896656092119e-01 3.197730875583672597e-03
4.663250334628764038e-01 4.935864365309155198e-03
4.794953877759203786e-01 6.624505851766868125e-03
4.926687588713913879e-01 8.261265082316749178e-03
5.058450996703622859e-01 9.843761684911718837e-03
5.190243298190376775e-01 1.136961511204085881e-02
5.322063895123403388e-01 1.283645123647954994e-02
5.453912135379372916e-01 1.424189918331053746e-02
5.585787285906788080e-01 1.558359118731113789e-02
5.717688863955553424e-01 1.685916591817765431e-02
5.849615994346679670e-01 1.806626212253325398e-02
5.981568367772125416e-01 1.920252765710610959e-02
6.113545002616050938e-01 2.026560830841606445e-02
6.245543039153566012e-01 2.125311073225844352e-02
6.377547790812021500e-01 2.216201080191191469e-02
6.509554095567198218e-01 2.298888133290931737e-02
6.641558207782868317e-01 2.373029767796693001e-02
6.773556435170624557e-01 2.438284396879802571e-02
6.905545409069849816e-01 2.494311402396863844e-02
7.037521173909468963e-01 2.540770732464752574e-02
7.169480674472425985e-01 2.577323475973332043e-02
7.301443301244731066e-01 2.603670927321944870e-02
7.433469748804789612e-01 2.619891973064537166e-02
7.565554118633366354e-01 2.626273352132572209e-02
7.697685546937245160e-01 2.623104429967534901e-02
7.829852920380415693e-01 2.610675253685359326e-02
7.962045607543323245e-01 2.589276482434216958e-02
8.094252224710323240e-01 2.559199537327190230e-02
8.226386090834570952e-01 2.520634421211593451e-02
8.358265263938178258e-01 2.472759359124104481e-02
8.489876039375324757e-01 2.414193635769180252e-02
8.621214625845667889e-01 2.343563308575912635e-02
8.752278375380009301e-01 2.259506905155283032e-02
8.883062419750371586e-01 2.160677294502942603e-02
9.013566158893171476e-01 2.045736687198698028e-02
9.143547984678515039e-01 1.913290201941643398e-02
9.272089420192465292e-01 1.758940618355670643e-02
9.398898851918841002e-01 1.575510084505186981e-02
9.523757387191951196e-01 1.356145848266083510e-02
9.646468685544279387e-01 1.094384238350316896e-02
9.766866114487150474e-01 7.840872023888624184e-03
9.884822162386396327e-01 4.193365129491862658e-03
1.000025024183249345e+00 -5.698720467724368839e-05
