
1.000030270281788258e+00 2.943066476818807439e-02
9.869765406990946843e-01 3.123183486376949342e-02
9.739347962424336203e-01 3.309155276472549451e-02
9.609039629442560626e-01 3.500693651093647607e-02
9.478830085532642391e-01 3.697509258885876143e-02
9.348708933731143533e-01 3.899312265420285667e-02
9.218665553794603840e-01 4.105812595879736182e-02
9.088689862451339030e-01 4.316718715548125557e-02
8.958770977271012237e-01 4.531739762627303575e-02
8.828898948942531799e-01 4.750582717801326432e-02
8.699063040438426153e-01 4.972955230241662278e-02
8.569253034164262539e-01 5.198563427764100325e-02
8.439458453937429550e-01 5.427113223351801019e-02
8.309668826132314834e-01 5.658309870154757532e-02
8.179873912704295202e-01 5.891857532349329546e-02
8.050062998681164483e-01 6.127460559454954436e-02
7.920226060991153449e-01 6.364821370938625322e-02
7.790352160101366996e-01 6.603643377006311599e-02
7.660431370899581927e-01 6.843627444398858728e-02
7.530452829213757360e-01 7.084475481794909324e-02
7.400406414052564941e-01 7.325887336171016395e-02
7.270300472093950139e-01 7.567527869848846012e-02
7.140192339097204410e-01 7.808970634682302348e-02
7.010078343054412242e-01 8.049902987281691569e-02
6.879964564833385143e-01 8.289962960022675964e-02
6.749867902241561968e-01 8.528609861843844397e-02
6.619788123599298357e-01 8.765286893619256281e-02
6.489723967187160936e-01 8.999441213744500956e-02
6.359675465025029784e-01 9.230519735801932801e-02
6.229641183369466484e-01 9.457974074052293012e-02
6.099621219137263406e-01 9.681255223058014836e-02
5.969614473839903734e-01 9.899818340712464304e-02
5.839620668997435038e-01 1.011311925604716916e-01
5.709639316763396311e-01 1.032061625370674779e-01
5.579669595766756363e-01 1.052177021847356675e-01
5.449711673459494143e-01 1.071604260347665538e-01
5.319764347468095567e-01 1.090289902893238905e-01
5.189827701034289698e-01 1.108180530470877639e-01
5.059900957063481197e-01 1.125223057428136469e-01
4.929983502427254805e-01 1.141364579464325957e-01
4.800075300635122111e-01 1.156552331837611552e-01
4.670175126654231845e-01 1.170733897262917073e-01
4.540282842695734788e-01 1.183856937646128593e-01
4.410397551236708846e-01 1.195869401175115171e-01
4.280518194684670985e-01 1.206719441468150633e-01
4.150644666437997565e-01 1.216355331008197316e-01
4.020775245644327978e-01 1.224725658440360132e-01
3.890909069830196243e-01 1.231779125000431879e-01
3.761045220663920552e-01 1.237464620564137502e-01
3.631181833744291931e-01 1.241731243105593935e-01
3.501317748711569311e-01 1.244528216327906167e-01
3.371451261726041704e-01 1.245804930751694961e-01
3.241580172520339143e-01 1.245510907868889183e-01
3.111702820188527729e-01 1.243595785612292004e-01
2.981818226455657528e-01 1.240009320703452794e-01
2.851994839178074725e-01 1.234690703727970851e-01
2.722334063461624987e-01 1.227547522184685574e-01
2.592913793129097977e-01 1.218482275320822011e-01
2.463811363934937937e-01 1.207398405479649939e-01
2.335104548468944774e-01 1.194200431375295607e-01
2.206869906328841890e-01 1.178793848891723367e-01
2.079182385684671119e-01 1.161085045252023690e-01
1.952116663749461634e-01 1.140981451079647463e-01
1.825747498431866955e-01 1.118391661041694407e-01
1.700146124380546575e-01 1.093224771434098130e-01
1.575383525152062314e-01 1.065390842731241960e-01
1.451529271718625114e-01 1.034800644182379686e-01
1.328652304216253743e-01 1.001365779952296253e-01
1.206817793761211094e-01 9.649977033559548056e-02
1.086090183928020980e-01 9.256082993369908751e-02
9.665320605989224934e-02 8.831093970666983872e-02
8.482044029284702136e-02 8.374126153557182040e-02
7.311888741721840612e-02 7.884380456411249627e-02
6.164439375114591502e-02 7.362819715766466544e-02
5.050233967217974962e-02 6.806269870061767979e-02
3.976078991880872132e-02 6.209876408793958691e-02
2.948144205030563125e-02 5.569140488114572574e-02
1.985737199294322283e-02 4.887511281267136604e-02
1.120299675286961019e-02 4.143163722864832976e-02
4.386487204076980687e-03 3.356991276795221607e-02
1.042564159807221440e-03 2.703049844217380454e-02
3.267928574774044137e-04 2.193233733334866431e-02
1.566637519600317481e-03 1.694483073529175904e-02
5.253447964516591226e-03 1.141463133492683947e-02
1.125050408476957128e-02 6.589130651518348286e-03
1.879985024050542450e-02 3.583671801798203431e-03
2.966194982304423342e-02 1.641317301768874422e-03
4.164418525310330937e-02 4.673528774503080303e-04
5.392595430256938438e-02 -3.269709792784122621e-05
6.657732100378124795e-02 -6.278664090905390139e-05
7.963183800218322228e-02 1.341437736115331028e-04
9.279701231595843813e-02 3.789961078950871125e-04
1.059739179072346493e-01 6.516128726544242892e-04
1.191622007726303861e-01 9.470293001519695247e-04
1.323616133126906680e-01 1.260265650541016235e-03
1.455717732978138723e-01 1.586321743506133091e-03
1.587924502838518881e-01 1.920183729678095292e-03
1.720212956765796997e-01 2.256766664127848963e-03
1.852467344935140869e-01 2.590740299185981775e-03
1.984665286895511971e-01 2.917022467893353854e-03
2.116803447147584671e-01 3.230596704958807984e-03
2.248878944696190707e-01 3.526464871537739534e-03
2.380888752811115283e-01 3.799645585584707826e-03
2.512829619355639310e-01 4.045174127684776286e-03
2.644698887909541218e-01 4.258103894651974093e-03
2.776492891687753484e-01 4.433503640109541857e-03
2.908209268909878187e-01 4.566460942798596621e-03
3.039850993996452977e-01 4.652121267854498511e-03
3.171507380851102398e-01 4.688643475774590015e-03
3.303211042020173793e-01 4.679131177218555371e-03
3.434962567665302280e-01 4.627155574631225399e-03
3.566762359934422255e-01 4.536296907430748156e-03
3.698611330384541929e-01 4.410143979461498935e-03
3.830509574170452569e-01 4.252295307440015840e-03
3.962458202443351896e-01 4.066357302678429674e-03
4.094457244142998831e-01 3.855946826747357059e-03
4.226507640782240505e-01 3.624688521041228000e-03
4.358609687863876370e-01 3.376217182581707933e-03
4.490764071538058677e-01 3.114176087612317324e-03
4.622971329594470213e-01 2.842217956041391200e-03
4.755231924330362570e-01 2.564004887692484559e-03
4.887539950704429814e-01 2.283221741777883684e-03
5.019816986677575477e-01 2.003714266215154277e-03
5.152037626852429275e-01 1.729211742642508499e-03
5.284202915864252281e-01 1.463378227863832825e-03
5.416312808765760822e-01 1.209870756362833952e-03
5.548368453574955561e-01 9.723348273245178584e-04
5.680369912339691130e-01 7.544088051813607450e-04
5.812318102304919742e-01 5.597204097073915901e-04
5.944213345515153568e-01 3.918892224188375538e-04
6.076056284234402360e-01 2.545252501594509002e-04
6.207847540587281276e-01 1.512295471588626095e-04
6.339587459687068272e-01 8.559432946732953816e-05
6.471276997999952929e-01 6.120255553113671844e-05
6.602916183344433865e-01 8.162846840547655428e-05
6.734506167413547573e-01 1.504374369045661380e-04
6.866047164628565902e-01 2.711858236258365452e-04
6.997540044196679521e-01 4.474216228816628449e-04
7.128994717707790585e-01 6.824746196558500403e-04
7.260416465362884431e-01 9.787159595653926493e-04
7.391798365389853354e-01 1.338245394187110747e-03
7.523132910985306232e-01 1.763157814123361613e-03
7.654413210190040839e-01 2.255546541086362114e-03
7.785631933166963226e-01 2.817500101212472123e-03
7.916781944486547262e-01 3.451104243509312518e-03
8.047856218841760167e-01 4.158441948720170700e-03
8.178847369254660382e-01 4.941590753874270346e-03
8.309748579450166872e-01 5.802628046967658708e-03
8.440552545970224640e-01 6.743624818737865845e-03
8.571252296927571734e-01 7.766650777766526473e-03
8.701840841999970433e-01 8.873772279825088705e-03
8.832310944066279479e-01 1.006705007325256994e-02
8.962655871767564175e-01 1.134854607143891310e-02
9.092868437367481738e-01 1.272031459516554698e-02
9.222941805027445872e-01 1.418441010936982542e-02
9.352869121558031740e-01 1.574288389557937026e-02
9.482643276225063422e-01 1.739778081454059627e-02
9.612257691062331411e-01 1.915114927698068764e-02
9.741705369106985479e-01 2.100502929719461065e-02
9.870979584361463388e-01 2.296146152238228225e-02
1.000007372350760981e+00 2.502248572164468554e-02
