
1.000018351894611746e+00 8.274695773151122757e-05
9.871679740995780161e-01 3.396775609482351188e-03
9.742842875923366508e-01 6.647660592713424896e-03
9.613698286178374852e-01 9.845576782018873249e-03
9.484273075321125734e-01 1.300073393023237940e-02
9.354594032074010634e-01 1.612342948214867677e-02
9.224687802073305853e-01 1.922404431244392059e-02
9.094582304735977507e-01 2.231300969531756911e-02
8.964351031999157060e-01 2.539975792936745302e-02
8.834257728828065481e-01 2.848925863884390827e-02
8.704366087375561278e-01 3.159117043569909661e-02
8.574697225946977808e-01 3.471606513702203689e-02
8.445139986567210544e-01 3.787374694241253670e-02
8.315624137121716553e-01 4.106419958893856720e-02
8.186141283010895942e-01 4.428469717113316106e-02
8.056683400105574266e-01 4.753249900220513080e-02
7.927242264372758029e-01 5.080486365855962222e-02
7.797809652459231078e-01 5.409904401812053176e-02
7.668377491166872284e-01 5.741228338362015099e-02
7.538937371628512407e-01 6.074182788639480302e-02
7.409481352246779506e-01 6.408490587286655438e-02
7.280000853208532519e-01 6.743875635140726688e-02
7.150479002301856069e-01 7.080075048562745055e-02
7.020950830343754001e-01 7.416352153635857869e-02
6.891551267928317515e-01 7.751250660007259763e-02
6.762260065575518286e-01 8.083691617272557861e-02
6.633052451023918605e-01 8.412616105344285222e-02
6.503905828423838242e-01 8.736967872693744697e-02
6.374796616491191781e-01 9.055701365310792061e-02
6.245701621605873610e-01 9.367778126119205573e-02
6.116598603970700987e-01 9.672165451552305893e-02
5.987463633103242699e-01 9.967842555621309053e-02
5.858275301951442193e-01 1.025379065636893572e-01
5.729009774545432698e-01 1.052900417733659416e-01
5.599644985905813943e-01 1.079248117837561943e-01
5.470313050808569555e-01 1.104258588129124058e-01
5.341151391953997685e-01 1.127635543821601943e-01
5.212152683153631338e-01 1.149083930709500073e-01
5.083306954695794300e-01 1.168315637883931696e-01
4.954601732736660380e-01 1.185049134372143653e-01
4.826024754173083298e-01 1.199008781826368247e-01
4.697260880065116107e-01 1.210001527237688917e-01
4.567724886446868360e-01 1.218229910469921656e-01
4.437465241909069880e-01 1.224010126347141181e-01
4.306553671983910925e-01 1.227665292615649495e-01
4.175078615188316244e-01 1.229526305306595652e-01
4.043454684189521364e-01 1.229832245367356580e-01
3.911885450313901669e-01 1.228604905248395773e-01
3.780383935537914297e-01 1.225836865777790718e-01
3.648963129129642602e-01 1.221520709058841608e-01
3.517636139281250518e-01 1.215649024649914506e-01
3.386415848888886804e-01 1.208214395547065195e-01
3.255315197102315317e-01 1.199209406152870611e-01
3.124347195146243150e-01 1.188626647414257609e-01
2.993524618652892988e-01 1.176458691126379685e-01
2.862860352217275195e-01 1.162698114266406402e-01
2.732367266561751551e-01 1.147337490789403364e-01
2.602058172463505015e-01 1.130369384811570621e-01
2.472009705147675818e-01 1.111782993390611624e-01
2.342329190919326676e-01 1.091521027110666092e-01
2.213069139856482237e-01 1.069505862316803418e-01
2.084282561338847428e-01 1.045660586736584519e-01
1.956021329359116101e-01 1.019908729153080063e-01
1.828336277800307885e-01 9.921742246865472570e-02
1.701278578397456553e-01 9.623816928457565312e-02
1.574898466306395295e-01 9.304561652633072666e-02
1.449244637088240861e-01 8.963228624697973379e-02
1.324365686004465581e-01 8.599075051221556631e-02
1.200312005958053957e-01 8.211369406708837748e-02
1.077539536177599955e-01 7.799884601258211259e-02
9.566783061454184334e-02 7.361754576156485930e-02
8.380218824520242749e-02 6.892426524079846295e-02
7.218450083795747985e-02 6.387526598449377868e-02
6.083968502564240932e-02 5.842803925409681409e-02
4.979086120281482619e-02 5.254124918604598238e-02
3.919321017476234958e-02 4.622465144059227649e-02
2.928325751560464929e-02 3.945264111795782763e-02
2.019339802385387850e-02 3.214926551691572876e-02
1.231689018658950821e-02 2.445276871254714254e-02
6.099631909282914911e-03 1.642197081687776783e-02
1.589687671845923947e-03 7.834505870587413212e-03
-1.594444602210047112e-04 9.775496834950384278e-04
5.146497173680107499e-04 -3.941521454974433909e-03
3.423218023630062758e-03 -8.434494501555941590e-03
9.985235741045870791e-03 -1.400302399614711778e-02
1.851955427621907943e-02 -1.867252454417332730e-02
2.927409529656028672e-02 -2.274510236411056083e-02
4.137212013261026833e-02 -2.652009094541944376e-02
5.363505382396556442e-02 -2.984737953553377385e-02
6.604656378582571263e-02 -3.276627940833692909e-02
7.860139033646651452e-02 -3.532092492406953971e-02
9.129298093287724347e-02 -3.755654680072506579e-02
1.041131486826275959e-01 -3.951971917160945064e-02
1.170530527232121198e-01 -4.125874515515100954e-02
1.301037012949017579e-01 -4.282383446646241543e-02
1.432521271989824208e-01 -4.426664086862789477e-02
1.564356259156469697e-01 -4.561848966970383223e-02
1.696297118902657663e-01 -4.688258452281671845e-02
1.828339619396225635e-01 -4.806094000666931432e-02
1.960479990360748936e-01 -4.915557772107080614e-02
2.092714089846031411e-01 -5.016851869871374187e-02
2.225037881776985860e-01 -5.110178778107603292e-02
2.357447441760522899e-01 -5.195741332293531828e-02
2.489938468528672122e-01 -5.273742413331985318e-02
2.622507157639840658e-01 -5.344385494447125712e-02
2.755149139574439299e-01 -5.407874023981613237e-02
2.887860427494950422e-01 -5.464411954867098853e-02
3.020636859508664673e-01 -5.514203448085413378e-02
3.153474186887647579e-01 -5.557452942867890933e-02
3.286368450299264610e-01 -5.594365271209738449e-02
3.419315202766157191e-01 -5.625145426921233233e-02
3.552310533740391518e-01 -5.649998843501638501e-02
3.685350014290764697e-01 -5.669131145520694970e-02
3.818429565272918325e-01 -5.682748328314031483e-02
3.951544946645801915e-01 -5.691056662497993857e-02
4.084691865758193208e-01 -5.694262725308736617e-02
4.217866264645739882e-01 -5.692573399442282106e-02
4.351063661114877301e-01 -5.686195872942174934e-02
4.484260527612965452e-01 -5.675312477077047724e-02
4.617384861090666481e-01 -5.659758361936537141e-02
4.750427603624640671e-01 -5.639116844911432752e-02
4.883387176891012538e-01 -5.612966660971659139e-02
5.016261714831574681e-01 -5.580887803733871472e-02
5.149049261600044947e-01 -5.542461523630493742e-02
5.281748443627142242e-01 -5.497270103433801736e-02
5.414356907587469792e-01 -5.444897358080090510e-02
5.546873589355842959e-01 -5.384927813461004575e-02
5.679296429250978440e-01 -5.316947563965219309e-02
5.811623985390291791e-01 -5.240543588200448355e-02
5.943854811713958908e-01 -5.155303965015641671e-02
6.075964590122328035e-01 -5.060808219608942116e-02
6.207842351995402908e-01 -4.956274136684967607e-02
6.339440810209989730e-01 -4.840534430590917592e-02
6.470725890814374992e-01 -4.712412669192079379e-02
6.601663694119691561e-01 -4.570742696456280008e-02
6.732218589173123435e-01 -4.414371015587448266e-02
6.862427079511190797e-01 -4.242125425611682071e-02
6.992703069142583994e-01 -4.054018014638765405e-02
7.123166771819581244e-01 -3.852244831112307949e-02
7.253856903557226454e-01 -3.639237640116280148e-02
7.384817864860617753e-01 -3.417463510751962003e-02
7.516056084704320073e-01 -3.189435245867720814e-02
7.647553934606091675e-01 -2.957381874794741405e-02
7.779305498867322699e-01 -2.723416244161286012e-02
7.910903204384436282e-01 -2.490387154808374956e-02
8.042224110856305286e-01 -2.260625852511718298e-02
8.173297994835652114e-01 -2.036163452042247246e-02
8.304262475854105041e-01 -1.818620642105686289e-02
8.435368647209136039e-01 -1.607904136148906662e-02
8.566637679549350404e-01 -1.403621919772113716e-02
8.698081815878659917e-01 -1.205392786280969422e-02
8.829696587148239129e-01 -1.012866225714288519e-02
8.961113291921769530e-01 -8.273536054303424342e-03
9.092170125726746210e-01 -6.521851833252645218e-03
9.222869786443966822e-01 -4.906692109856425864e-03
9.353221712980983593e-01 -3.460280540493860212e-03
9.483232731807637039e-01 -2.214127090451426926e-03
9.612906614245023684e-01 -1.199031538363922811e-03
9.742255236023773524e-01 -4.450166152841688390e-04
9.871290377929824444e-01 1.854569480534587304e-05
1.000002701890735368e+00 1.629044975149669791e-04
