
9.999702572049036231e-01 1.173805448755321952e-03
9.870667027233865909e-01 3.089973062860570246e-03
9.741649454846827982e-01 5.103754009004985402e-03
9.612636002189416384e-01 7.206989351475729180e-03
9.483613383899974769e-01 9.391461975648747809e-03
9.354568963979951191e-01 1.164889253374367176e-02
9.225488320474919401e-01 1.397098164964100803e-02
9.096359404609669630e-01 1.634933590275173057e-02
8.967167888515735763e-01 1.877555077500917338e-02
8.837900938332031719e-01 2.124114158728811902e-02
8.708544782670257778e-01 2.373758815830415841e-02
8.579085693045097605e-01 2.625631629197578906e-02
8.449510324399144290e-01 2.878869058459769883e-02
8.319875174525811490e-01 3.132465621466527794e-02
8.190347181324366677e-01 3.385197851023687837e-02
8.060923902518121187e-01 3.636177967266058381e-02
7.931590394669189026e-01 3.884548000740006835e-02
7.802334319684243180e-01 4.129450308174874990e-02
7.673141103712747269e-01 4.370036828954364239e-02
7.543998000324402264e-01 4.605461322898935644e-02
7.414891412287204497e-01 4.834884386335979584e-02
7.285807771282335477e-01 5.057471710895938832e-02
7.156684482802455616e-01 5.272578347399176774e-02
7.027445364202534739e-01 5.480143575073929268e-02
6.898092866178480165e-01 5.680164925901038525e-02
6.768630533536413862e-01 5.872638248483746937e-02
6.639061910681972600e-01 6.057559393939470488e-02
6.509390542072003294e-01 6.234924215164851236e-02
6.379619972619132717e-01 6.404728566323153460e-02
6.249753746741611993e-01 6.566968304128395495e-02
6.119795409437827072e-01 6.721639286442941674e-02
5.989748505409618895e-01 6.868737373406420821e-02
5.859616579495779964e-01 7.008258426888674952e-02
5.729403176515136531e-01 7.140198310677803306e-02
5.599111841384578625e-01 7.264552890359174397e-02
5.468746118814853396e-01 7.381318033602608797e-02
5.338309553728962653e-01 7.490489609759573564e-02
5.207805690856588399e-01 7.592063490225686717e-02
5.077238074824164116e-01 7.686035548319017363e-02
4.946610250628736827e-01 7.772401658948469017e-02
4.815925762442190283e-01 7.851157699406614843e-02
4.685188155249057629e-01 7.922299548284540693e-02
4.554400973181278456e-01 7.985823086469905074e-02
4.423567760597217902e-01 8.041724196469278441e-02
4.292692062076313153e-01 8.089998762477976224e-02
4.161778073476607998e-01 8.130642356944170479e-02
4.030872637392290403e-01 8.163535386574134745e-02
3.900012781478808255e-01 8.188273111835062124e-02
3.769210216514083389e-01 8.204409325881820148e-02
3.638476550665085685e-01 8.211499377904911412e-02
3.507822821038303895e-01 8.209100134029850837e-02
3.377261015935565380e-01 8.196769982125524934e-02
3.246801947176761738e-01 8.174068766723012469e-02
3.116457019047971788e-01 8.140557861099669001e-02
2.986237669493717051e-01 8.095800213527920564e-02
2.856154558906646712e-01 8.039359997445504058e-02
2.726219148156333039e-01 7.970803175935964324e-02
2.596442117863498877e-01 7.889696833266009179e-02
2.466834069792877837e-01 7.795609351607384052e-02
2.337406302024657712e-01 7.688111060276481279e-02
2.208168759939275472e-01 7.566772586713167714e-02
2.079131974229442847e-01 7.431166266258261432e-02
1.950306543555951067e-01 7.280865836058990348e-02
1.821702093087622931e-01 7.115445080451525406e-02
1.693328764710268219e-01 6.934479427186282519e-02
1.565196446353767923e-01 6.737545022358720770e-02
1.437314347510007806e-01 6.524217821754528523e-02
1.310073843074636701e-01 6.294031060520147158e-02
1.184059452641281623e-01 6.043767966476370351e-02
1.059493109206456618e-01 5.768887775057768980e-02
9.365897907440740022e-02 5.465036464774951364e-02
8.155533406588022505e-02 5.128032618187358671e-02
6.965741663355540236e-02 4.753850789236725022e-02
5.798204801565737254e-02 4.338571995031948597e-02
4.654434038489355108e-02 3.878362586186390876e-02
3.549883815957340788e-02 3.373680108167777247e-02
2.521841026243263478e-02 2.820002513458223781e-02
1.578231022989268206e-02 2.197170495618484473e-02
7.800912972455839069e-03 1.529106960676429421e-02
2.921458547259853794e-03 9.030294817017177345e-03
6.250271154867272820e-04 2.894293619318636344e-03
6.241847675717410431e-04 -2.403340331337948735e-03
2.624501080767467805e-03 -7.424550225202940744e-03
6.893586254257514506e-03 -1.207287473254003984e-02
1.470794493385113762e-02 -1.679490201328655979e-02
2.435812841084201291e-02 -2.057701682572084592e-02
3.513683152966418088e-02 -2.327251303567488133e-02
4.721691555793030431e-02 -2.532712224065692547e-02
5.976205076561230678e-02 -2.703951688287382568e-02
7.240606247343300828e-02 -2.843919835642474969e-02
8.514678838791474302e-02 -2.956802518399587187e-02
9.798159075223936143e-02 -3.046921654295581261e-02
1.109077646870525319e-01 -3.118748651865296817e-02
1.239216735526575269e-01 -3.176908750192600911e-02
1.370195109302267122e-01 -3.226194429260431651e-02
1.501872041040073491e-01 -3.271410549660278000e-02
1.633645508531209878e-01 -3.314800314545174320e-02
1.765426732615910099e-01 -3.356450710502909690e-02
1.897215427004802502e-01 -3.396389469259326888e-02
2.029011362816306729e-01 -3.434644345886896100e-02
2.160814271659020624e-01 -3.471243088843211505e-02
2.292623906337951656e-01 -3.506213458178528142e-02
2.424440016221010852e-01 -3.539583218137212078e-02
2.556262335980621359e-01 -3.571380134723728395e-02
2.688090632600624863e-01 -3.601631987076132219e-02
2.819924622804784176e-01 -3.630366548068256899e-02
2.951764091045500082e-01 -3.657611610890819376e-02
3.083608741032765055e-01 -3.683394957044341250e-02
3.215458360290960882e-01 -3.707744390275352631e-02
3.347312657842668737e-01 -3.730687704668269461e-02
3.479171407704860775e-01 -3.752252711523403061e-02
3.611034335993588140e-01 -3.772467219245267955e-02
3.742901199427094427e-01 -3.791359046637073071e-02
3.874771741061760477e-01 -3.808956015678233858e-02
4.006645700503909668e-01 -3.825285953411577955e-02
4.138522837595101089e-01 -3.840376694697265891e-02
4.270396588898860979e-01 -3.854245814823144267e-02
4.402249363935429316e-01 -3.866812160594695902e-02
4.534080235475848597e-01 -3.877939534756343065e-02
4.665889107572097627e-01 -3.887491255356331082e-02
4.797676325129513475e-01 -3.895330804626934151e-02
4.929441844115152183e-01 -3.901321767480576269e-02
5.061185919936177502e-01 -3.905327874899770096e-02
5.192908602804834350e-01 -3.907212977697246958e-02
5.324610055185676760e-01 -3.906841059415090689e-02
5.456290426107510694e-01 -3.904076230299380335e-02
5.587949781786737402e-01 -3.898782731579770316e-02
5.719588374638435724e-01 -3.890824924601241075e-02
5.851206171493386066e-01 -3.880067314741407480e-02
5.982803505691499657e-01 -3.866374507203414190e-02
6.114380322725004868e-01 -3.849611269943402359e-02
6.245936931747485543e-01 -3.829642456170962578e-02
6.377473366963245516e-01 -3.806333080402101582e-02
6.508989830216390660e-01 -3.779548257340073492e-02
6.640486475704586722e-01 -3.749153231988338469e-02
6.771963395438911348e-01 -3.715013389611264427e-02
6.903420867941810757e-01 -3.676994188942282055e-02
7.034858873197786799e-01 -3.634961296070785691e-02
7.166277773732797618e-01 -3.588780380326512393e-02
7.297674921489543109e-01 -3.538317478117450343e-02
7.428970358839281918e-01 -3.483258284409293526e-02
7.560110054564853632e-01 -3.422801780162732649e-02
7.691076852543498044e-01 -3.356071673260208055e-02
7.821854363133188270e-01 -3.282196831525215769e-02
7.952424446346793019e-01 -3.200312712155920641e-02
8.082771489999844849e-01 -3.109558837279190191e-02
8.212878005919167501e-01 -3.009081476441644032e-02
8.342727549867816617e-01 -2.898031776868242523e-02
8.472304260133596276e-01 -2.775565819635505624e-02
8.601590755061174765e-01 -2.640846648960489679e-02
8.730572174359439996e-01 -2.493040232030208428e-02
8.859232668797091259e-01 -2.331318742511478623e-02
8.987556188185261696e-01 -2.154859974334427664e-02
9.115528677675701630e-01 -1.962844057538291193e-02
9.243135204167554075e-01 -1.754457039260576626e-02
9.370361217158789113e-01 -1.528889101703047315e-02
9.497193784338042732e-01 -1.285331793913770983e-02
9.623619486448520277e-01 -1.022981253585495721e-02
9.749625238506114400e-01 -7.410365590568866734e-03
9.875199702711264793e-01 -4.386958095916285161e-03
1.000033138630795904e+00 -1.151595060172633852e-03
