
9.999981335639062108e-01 -9.063001023134379882e-05
9.872109885012800845e-01 1.552333342219901647e-03
9.744274995522325122e-01 3.333920922676430684e-03
9.616448800896180149e-01 5.240837715125488266e-03
9.488602935345167300e-01 7.259665072526431256e-03
9.360711741292527810e-01 9.376803576233031304e-03
9.232746615604919826e-01 1.157855896323678122e-02
9.104680949037788906e-01 1.385105894559613901e-02
8.976487472332910222e-01 1.618029381531309666e-02
8.848137448346784506e-01 1.855213059103208093e-02
8.719604726839507158e-01 2.095223604669218392e-02
8.590887806395870463e-01 2.336565956640230396e-02
8.462280050608894655e-01 2.577180626193342761e-02
8.333851550532146435e-01 2.815433729559536913e-02
8.205572881841903810e-01 3.049893260475624104e-02
8.077347924711762994e-01 3.279394585438383941e-02
7.949044062118886256e-01 3.503712361825823268e-02
7.820660050216732273e-01 3.722732562290313740e-02
7.692198280507409613e-01 3.936335660986854668e-02
7.563660849564981525e-01 4.144402731152881797e-02
7.435050138751960747e-01 4.346814481034155103e-02
7.306368312571273060e-01 4.543452074051650830e-02
7.177617629015435874e-01 4.734196627274100261e-02
7.048800386530175155e-01 4.918929308674813150e-02
6.919918704428624778e-01 5.097531646834281560e-02
6.790974983373890828e-01 5.269884883771787376e-02
6.661971296446553836e-01 5.435870813745238145e-02
6.532909948024816504e-01 5.595371025168936752e-02
6.403793151232664016e-01 5.748267333837297349e-02
6.274623046902469969e-01 5.894441739233449024e-02
6.145401991374734862e-01 6.033776103192228096e-02
6.016132020520786883e-01 6.166152743048979035e-02
5.886815442662560738e-01 6.291453786622205890e-02
5.757454394035786960e-01 6.409561641534142207e-02
5.628051021287112654e-01 6.520358796532788048e-02
5.498607608635035504e-01 6.623727726801982574e-02
5.369126171969677008e-01 6.719551223144160090e-02
5.239608990973800839e-01 6.807711966939720971e-02
5.110058134139983110e-01 6.888092889585370471e-02
4.980475720916333060e-01 6.960576970433307586e-02
4.850854821984860732e-01 7.025069457417025542e-02
4.721184968714092212e-01 7.081578653141390456e-02
4.591470673016246895e-01 7.130141383429876301e-02
4.461716760323402031e-01 7.170794384756651318e-02
4.331928031633209830e-01 7.203574426224182425e-02
4.202109260331834406e-01 7.228518302090847225e-02
4.072265298434281089e-01 7.245662812115175044e-02
3.942400910557714022e-01 7.255044791614626010e-02
3.812520941849846801e-01 7.256701087705200170e-02
3.682630205544560886e-01 7.250668574147035861e-02
3.552733496866736784e-01 7.236984143223990085e-02
3.422835679575288448e-01 7.215684716685064060e-02
3.292941532559923723e-01 7.186807226674417348e-02
3.163055920276961475e-01 7.150388643240583597e-02
3.033185995396375234e-01 7.106465974210490755e-02
2.903422205096604647e-01 7.054885296330912214e-02
2.773821897144964632e-01 6.994963810520152259e-02
2.644401996819095157e-01 6.925934244632307724e-02
2.515177549992644312e-01 6.847032920919031429e-02
2.386164353068057076e-01 6.757500974901846369e-02
2.257378572869891686e-01 6.656584370901916237e-02
2.128834735638070741e-01 6.543532254287308392e-02
2.000548576445340676e-01 6.417599106151147814e-02
1.872535010829198543e-01 6.278043067317809478e-02
1.744808197221317525e-01 6.124125592879164220e-02
1.617383182583471135e-01 5.955113282186561691e-02
1.490273682827897850e-01 5.770275060806107081e-02
1.363626993547353006e-01 5.568907725851347107e-02
1.237882619297827891e-01 5.348947842642076678e-02
1.113196044971269255e-01 5.106923097560911451e-02
9.896941584785887147e-02 4.839413388787677794e-02
8.674994125138076051e-02 4.543097344993445030e-02
7.467273972460970743e-02 4.214741111232989113e-02
6.274841903907593665e-02 3.851180836332040308e-02
5.098633760530905251e-02 3.449295774091958727e-02
3.939844998740599930e-02 3.006137261344419068e-02
2.852313334837032130e-02 2.530846707233511822e-02
1.897958045026838445e-02 2.009071552309903835e-02
1.080976606973588217e-02 1.413111379534418878e-02
3.961214593242245487e-03 7.186814853738488461e-03
7.430631460291882776e-04 2.234196204822935013e-03
3.597953368636504657e-04 -4.848398140895032586e-04
1.316460392501379254e-03 -3.137457436639520293e-03
4.315396392288131655e-03 -6.057108291393880663e-03
1.195316377186651444e-02 -9.404335108965601944e-03
2.239059083606861206e-02 -1.182589757180614598e-02
3.457141666493095122e-02 -1.372650661088112636e-02
4.693769786628810420e-02 -1.527633894688789143e-02
5.942367530317478608e-02 -1.650418234453377569e-02
7.202364736381063060e-02 -1.744958000589830194e-02
8.473037137291944410e-02 -1.815338942620114276e-02
9.753648141075055289e-02 -1.865799637706362646e-02
1.104347093691115111e-01 -1.900734331681647182e-02
1.234171243198090018e-01 -1.924694236988215915e-02
1.364627351133464728e-01 -1.942206130981155229e-02
1.495151571855088124e-01 -1.955338115573643579e-02
1.625682056732070946e-01 -1.964301312854606352e-02
1.756220022963960459e-01 -1.969265617361064952e-02
1.886766313360651870e-01 -1.970401096503772778e-02
2.017321996022342911e-01 -1.967878026099500327e-02
2.147888071365043894e-01 -1.961866877401518064e-02
2.278465435880670242e-01 -1.952538330549644444e-02
2.409055243853375494e-01 -1.940063249128484366e-02
2.539658250575352882e-01 -1.924612736299018828e-02
2.670275690067500096e-01 -1.906358047710669454e-02
2.800908303830871304e-01 -1.885470707370060992e-02
2.931557226958799722e-01 -1.862122390185853155e-02
3.062223342157093242e-01 -1.836485018561947319e-02
3.192907639618978166e-01 -1.808730705582612536e-02
3.323611138204542459e-01 -1.779031765280557689e-02
3.454334690516012163e-01 -1.747560759785302120e-02
3.585079446171705042e-01 -1.714490390300331402e-02
3.715846137087430168e-01 -1.679993673026792395e-02
3.846636009173222126e-01 -1.644243701878389183e-02
3.977449758826434034e-01 -1.607413929728443089e-02
4.108288565328165332e-01 -1.569677888741975724e-02
4.239153240806999290e-01 -1.531209427244204987e-02
4.370044852544828773e-01 -1.492182532836447938e-02
4.500964322198448553e-01 -1.452771448907631997e-02
4.631910328230044449e-01 -1.413149253900583373e-02
4.762866570456288362e-01 -1.373428182418213322e-02
4.893829214944515615e-01 -1.333639109814270876e-02
5.024798195739748063e-01 -1.293807280268360546e-02
5.155772808926911699e-01 -1.253958136491495866e-02
5.286747369883763037e-01 -1.214118639754302453e-02
5.417720313898740647e-01 -1.174314495689737434e-02
5.548691514322965368e-01 -1.134570967974245920e-02
5.679660917725800617e-01 -1.094913293605215103e-02
5.810628408475899676e-01 -1.055366723997127644e-02
5.941593918860952339e-01 -1.015956491624091414e-02
6.072557347489262458e-01 -9.767078346845590661e-03
6.203518612232072904e-01 -9.376459811360475516e-03
6.334477626075887269e-01 -8.987961559779102452e-03
6.465434292339456990e-01 -8.601835826230638110e-03
6.596388538528292766e-01 -8.218334729215034593e-03
6.727340253271397730e-01 -7.837710456782212218e-03
6.858289378736321940e-01 -7.460214996771180954e-03
6.989235788723846543e-01 -7.086100490160102301e-03
7.120179434966876775e-01 -6.715618810057326360e-03
7.251120192024081978e-01 -6.349022004745799412e-03
7.382058003307632177e-01 -5.986561884083114495e-03
7.512992756158446417e-01 -5.628490370104278703e-03
7.643924378821751464e-01 -5.275059227452759229e-03
7.774852773804050710e-01 -4.926520246861470706e-03
7.905777854044537811e-01 -4.583125146162269313e-03
8.036699537364613288e-01 -4.245125586518874901e-03
8.167617721257330876e-01 -3.912773236967538072e-03
8.298532339010264991e-01 -3.586319631213160872e-03
8.429443272529355546e-01 -3.266016387119591215e-03
8.560350469155763031e-01 -2.952114917144453739e-03
8.691253799763642984e-01 -2.644866774057957112e-03
8.822153214828001300e-01 -2.344523277237949010e-03
8.953048594746995104e-01 -2.051335865071945552e-03
9.083939874078758026e-01 -1.765555807898737959e-03
9.214826949204037998e-01 -1.487434416940710191e-03
9.345709738622866025e-01 -1.217222910407914646e-03
9.476588154855279944e-01 -9.551724755636369817e-04
9.607462100201688004e-01 -7.015342749802416702e-04
9.738331503479331630e-01 -4.565593755933949178e-04
9.869196250647370716e-01 -2.204988804036116560e-04
1.000005628697912430e+00 6.396259914703377987e-06
