
9.999998704397647931e-01 -2.378964010779405575e-07
9.888894714754810078e-01 2.621298050855641083e-03
9.779793971604737735e-01 6.628573213966489075e-03
9.669118489252970239e-01 1.185075078735831067e-02
9.553220399075761371e-01 1.802189801016926621e-02
9.436170043133682572e-01 2.426071606013754586e-02
9.318109685782653973e-01 3.020037214354786073e-02
9.198097006311171109e-01 3.592213332613621024e-02
9.076391857770790272e-01 4.145897650067048579e-02
8.953298225349280992e-01 4.684315634809038675e-02
8.829401771235811935e-01 5.208031718477830474e-02
8.704875387598931535e-01 5.716873208010749691e-02
8.579740296043857350e-01 6.211089264677076976e-02
8.454017164672803508e-01 6.690931823403804823e-02
8.327727354648071234e-01 7.156650695798051631e-02
8.200892030633264440e-01 7.608497107880400623e-02
8.073532412234822875e-01 8.046722704151984540e-02
7.945670226457774987e-01 8.471578083580051655e-02
7.817326557648978103e-01 8.883316692407675075e-02
7.688523496727800444e-01 9.282189420827767490e-02
7.559282474008638397e-01 9.668450023036084806e-02
7.429625441544770448e-01 1.004235138669299782e-01
7.299574307533728268e-01 1.040414732261266545e-01
7.169150888387376686e-01 1.075409263871358462e-01
7.038377530797440551e-01 1.109244148912151007e-01
6.907282712225862875e-01 1.141942461145989546e-01
6.775915983291314060e-01 1.173505449388406174e-01
6.644290434375310639e-01 1.203928808523239968e-01
6.512414065198506297e-01 1.233209001993804399e-01
6.380294894883411505e-01 1.261342490639637548e-01
6.247940933339348746e-01 1.288325739317120189e-01
6.115360177905444505e-01 1.314155217156975086e-01
5.982560649374975004e-01 1.338827390504750414e-01
5.849550323663835760e-01 1.362338735789848931e-01
5.716337226873893229e-01 1.384685722025091326e-01
5.582929325105361329e-01 1.405864830106654251e-01
5.449334627126659614e-01 1.425872535244714356e-01
5.315561109286285335e-01 1.444705319160844714e-01
5.181616755033775501e-01 1.462359663647087860e-01
5.047509551348182688e-01 1.478832051355409294e-01
4.913257391369414417e-01 1.494116904828525216e-01
4.778945325193621474e-01 1.508172192994883531e-01
4.644604587422143105e-01 1.520928589187902080e-01
4.510252615381428187e-01 1.532316797721934298e-01
4.375905356415269454e-01 1.542268003814666888e-01
4.241579337275129813e-01 1.550713680323176635e-01
4.107291020218688526e-01 1.557585654708065759e-01
3.973055780252793268e-01 1.562816145192783834e-01
3.838890361394479700e-01 1.566337648795620152e-01
3.704809450667944648e-01 1.568083056984145296e-01
3.570828627799997323e-01 1.567985544167286582e-01
3.436963069917970404e-01 1.565978603155954163e-01
3.303226797361445422e-01 1.561995991379964421e-01
3.169634777681655247e-01 1.555971755250932231e-01
3.036200348764263590e-01 1.547840126024685459e-01
2.902945605221338710e-01 1.537535445126955724e-01
2.769962520981398280e-01 1.524981764164786979e-01
2.637344797940077146e-01 1.510088778419535760e-01
2.505182163282861363e-01 1.492766272104609215e-01
2.373563999825734627e-01 1.472925072805990609e-01
2.242576811776939016e-01 1.450476654148709355e-01
2.112307261398044811e-01 1.425333546837919962e-01
1.982841437921021854e-01 1.397409283849406769e-01
1.854262039571961951e-01 1.366617728965234257e-01
1.726651371695499537e-01 1.332873590659186536e-01
1.600091127486446274e-01 1.296092391641797958e-01
1.474660794674525210e-01 1.256189949888874557e-01
1.350656617945355520e-01 1.213111077367357710e-01
1.228466998747569233e-01 1.166668662963531444e-01
1.108319076569096867e-01 1.116591949858612293e-01
9.904224195938511610e-02 1.062612802674860052e-01
8.749770444476406839e-02 1.004467104348600176e-01
7.621697438672057900e-02 9.418909834719015051e-02
6.525760669066367481e-02 8.748032125620777699e-02
5.480305164813316365e-02 8.033952204018089682e-02
4.499466429961243574e-02 7.274567325621934810e-02
3.595185754506347031e-02 6.467979801897716374e-02
2.777342826267598444e-02 5.612339388112784488e-02
2.044774350640327087e-02 4.695114740095693989e-02
1.313666015306986894e-02 3.629291532619351862e-02
5.892891506935088453e-03 2.474816424115935942e-02
1.173942061488996488e-03 1.478411357365758821e-02
-6.035169005288577686e-04 6.819915675443934469e-03
-7.028056624923569029e-05 3.335010541278262894e-04
2.711807197552543441e-03 -5.844314114538890284e-03
7.761570416128672073e-03 -1.137335343146887376e-02
1.397616108861690805e-02 -1.484672143814809615e-02
2.262052467263409722e-02 -1.650535878290567207e-02
3.575882839915915656e-02 -1.747077293054528219e-02
4.905430712600809817e-02 -1.816979860340517047e-02
6.225562254035868492e-02 -1.857621943254362390e-02
7.541362420601553651e-02 -1.867888961664819839e-02
8.860641905918699435e-02 -1.847396023717160288e-02
1.018725011886399273e-01 -1.798821034487317269e-02
1.152041023526000491e-01 -1.725686230303063312e-02
1.285930828032871009e-01 -1.631617081785871962e-02
1.420319328740171083e-01 -1.520334695779106300e-02
1.555009547149821536e-01 -1.395678943736910690e-02
1.688946423141109154e-01 -1.258700011967518045e-02
1.821814365494169030e-01 -1.105064335761239171e-02
1.953553592910788894e-01 -9.300393799820397961e-03
2.084342965106472656e-01 -7.289817554527323884e-03
2.215140827110505806e-01 -5.005259474792390917e-03
2.346136654165736912e-01 -2.478889234313804649e-03
2.477419937864046573e-01 2.538503279999976226e-04
2.609069580506849784e-01 3.156302248555314070e-03
2.741174309166829470e-01 6.190969408226076366e-03
2.873819349752493868e-01 9.319199745955734915e-03
3.007081537228971091e-01 1.250102436940759600e-02
3.140129795841010152e-01 1.566781558779524464e-02
3.272345968060684229e-01 1.873703080277282912e-02
3.403786088146239508e-01 2.164107900764792453e-02
3.534504270042955754e-01 2.431540107971468315e-02
3.664539044190991413e-01 2.669810432744001635e-02
3.793942010789296826e-01 2.873043878227422507e-02
3.922764336995715473e-01 3.035634317410356234e-02
4.051249580835272202e-01 3.152551132642646137e-02
4.180767012363814095e-01 3.224600528061306176e-02
4.311576484364786355e-01 3.257145041932785201e-02
4.443630325781421364e-01 3.255824766508606111e-02
4.576873032302051225e-01 3.226551831776826307e-02
4.711252635417849111e-01 3.175521675222081619e-02
4.846697349790595744e-01 3.109233502133314925e-02
4.983152831938746918e-01 3.034486829758190757e-02
5.120102517383373630e-01 2.957671322853117415e-02
5.256926866734875636e-01 2.880468726802637783e-02
5.393627274446767261e-01 2.802669516449252454e-02
5.530212008914153765e-01 2.724060002498912558e-02
5.666689743524708778e-01 2.644426546258623126e-02
5.803068718553504590e-01 2.563556043032022558e-02
5.939357664835859252e-01 2.481235380484576522e-02
6.075564804130968444e-01 2.397252031774857461e-02
6.211698916294363659e-01 2.311393407173521417e-02
6.347768214574565082e-01 2.223447547028264970e-02
6.483781519414391070e-01 2.133202376714201515e-02
6.619747045808737074e-01 2.040446488815755854e-02
6.755673646468455251e-01 1.944968312750077269e-02
6.891569548484673957e-01 1.846556973758516421e-02
7.027446832202522975e-01 1.745000462584326770e-02
7.163384639763914485e-01 1.640261189885841228e-02
7.299415314922106379e-01 1.532800648109426678e-02
7.435539019201645727e-01 1.423163426858584449e-02
7.571754160593161531e-01 1.311897447717680354e-02
7.708060971064476519e-01 1.199551092542355812e-02
7.844455115361835817e-01 1.086678450206610830e-02
7.980833231227225655e-01 9.739172357486027692e-03
8.117140512424048104e-01 8.618645105434851253e-03
8.253375652039383059e-01 7.510711694638723054e-03
8.389538605727212550e-01 6.420851409847584679e-03
8.525628111186135394e-01 5.354534063025455717e-03
8.661644020569274627e-01 4.317201397854015035e-03
8.797585067092283939e-01 3.314284579217160586e-03
8.933451068772828574e-01 2.351187457217543148e-03
9.069145233557920349e-01 1.435014772514487356e-03
9.204165587786921066e-01 5.984028170434443428e-04
9.338448787991868727e-01 -1.080405215710087292e-04
9.472031672383371959e-01 -6.351792095046915202e-04
9.604941447909305374e-01 -9.354738724947173501e-04
9.737212023307113551e-01 -9.629727783910020265e-04
9.868884649064699754e-01 -6.731557733211864262e-04
1.000000426457081870e+00 -2.275861662080787189e-05
