1.000000e+00 3.110000e-04
9.942270e-01 8.470000e-04
9.825950e-01 1.929000e-03
9.694340e-01 3.139000e-03
9.560490e-01 4.355000e-03
9.426450e-01 5.557000e-03
9.292040e-01 6.747000e-03
9.157420e-01 7.922000e-03
9.022510e-01 9.085000e-03
8.887630e-01 1.023200e-02
8.752710e-01 1.136600e-02
8.617750e-01 1.248300e-02
8.482920e-01 1.358600e-02
8.348120e-01 1.467100e-02
8.213510e-01 1.574200e-02
8.078980e-01 1.679700e-02
7.944490e-01 1.783800e-02
7.810090e-01 1.886300e-02
7.675700e-01 1.987400e-02
7.541390e-01 2.087100e-02
7.407010e-01 2.185400e-02
7.272450e-01 2.282300e-02
7.167930e-01 2.356800e-02
7.106260e-01 2.400200e-02
7.070820e-01 2.425100e-02
7.025530e-01 2.457100e-02
6.972390e-01 2.511800e-02
6.866130e-01 2.620700e-02
6.722460e-01 2.766200e-02
6.651900e-01 2.836800e-02
6.546070e-01 2.941800e-02
6.435580e-01 3.050000e-02
6.292390e-01 3.187800e-02
6.126120e-01 3.344500e-02
6.007110e-01 3.454100e-02
5.865340e-01 3.581900e-02
5.723860e-01 3.706300e-02
5.611590e-01 3.802800e-02
5.520850e-01 3.878900e-02
5.439680e-01 3.945900e-02
5.299170e-01 4.059000e-02
5.158780e-01 4.168300e-02
5.017820e-01 4.274000e-02
4.876350e-01 4.376200e-02
4.734590e-01 4.474300e-02
4.592480e-01 4.568400e-02
4.449980e-01 4.658000e-02
4.307520e-01 4.742700e-02
4.165270e-01 4.822100e-02
4.023350e-01 4.895700e-02
3.881990e-01 4.963100e-02
3.741250e-01 5.024300e-02
3.601120e-01 5.078800e-02
3.461520e-01 5.126600e-02
3.322370e-01 5.167400e-02
3.183500e-01 5.201100e-02
3.044720e-01 5.227400e-02
2.906010e-01 5.245900e-02
2.767460e-01 5.256000e-02
2.629110e-01 5.256700e-02
2.491090e-01 5.247700e-02
2.353410e-01 5.227800e-02
2.215930e-01 5.196300e-02
2.078710e-01 5.152000e-02
1.941760e-01 5.093700e-02
1.805070e-01 5.020400e-02
1.668880e-01 4.930700e-02
1.533090e-01 4.823300e-02
1.397930e-01 4.696700e-02
1.263540e-01 4.549100e-02
1.130010e-01 4.378000e-02
9.977500e-02 4.181500e-02
8.669500e-02 3.955400e-02
7.382000e-02 3.696200e-02
6.119500e-02 3.398600e-02
4.894900e-02 3.056900e-02
3.726600e-02 2.667200e-02
2.653700e-02 2.232100e-02
1.746400e-02 1.777200e-02
1.075300e-02 1.355300e-02
6.324000e-03 1.003800e-02
3.508000e-03 7.194000e-03
1.719000e-03 4.837000e-03
6.410000e-04 2.824000e-03
1.080000e-04 1.102000e-03
1.200000e-05 -3.410000e-04
3.230000e-04 -1.724000e-03
1.200000e-03 -3.122000e-03
2.797000e-03 -4.458000e-03
5.165000e-03 -5.785000e-03
8.624000e-03 -7.213000e-03
1.383500e-02 -8.829000e-03
2.162700e-02 -1.061900e-02
3.191600e-02 -1.234500e-02
4.376600e-02 -1.378600e-02
5.639100e-02 -1.490500e-02
6.938600e-02 -1.575600e-02
8.260200e-02 -1.639300e-02
9.596800e-02 -1.686800e-02
1.094350e-01 -1.720000e-02
1.229810e-01 -1.741200e-02
1.365840e-01 -1.752500e-02
1.502380e-01 -1.755900e-02
1.639230e-01 -1.752700e-02
1.776450e-01 -1.744300e-02
1.913900e-01 -1.731400e-02
2.051560e-01 -1.714800e-02
2.189510e-01 -1.695100e-02
2.327890e-01 -1.672700e-02
2.466620e-01 -1.647900e-02
2.605840e-01 -1.621100e-02
2.745540e-01 -1.592600e-02
2.885700e-01 -1.562700e-02
3.026260e-01 -1.531500e-02
3.167060e-01 -1.499000e-02
3.308000e-01 -1.465700e-02
3.449160e-01 -1.431500e-02
3.590420e-01 -1.396500e-02
3.731680e-01 -1.361000e-02
3.873100e-01 -1.324700e-02
4.014650e-01 -1.287800e-02
4.156270e-01 -1.250400e-02
4.297710e-01 -1.212600e-02
4.438980e-01 -1.174300e-02
4.580050e-01 -1.135700e-02
4.721010e-01 -1.096700e-02
4.861820e-01 -1.057400e-02
5.002320e-01 -1.017800e-02
5.142740e-01 -9.778000e-03
5.282960e-01 -9.379000e-03
5.423090e-01 -8.976000e-03
5.498680e-01 -8.761000e-03
5.594670e-01 -8.487000e-03
5.697740e-01 -8.195000e-03
5.831980e-01 -7.814000e-03
5.963370e-01 -7.448000e-03
6.101850e-01 -7.068000e-03
6.237410e-01 -6.703000e-03
6.372860e-01 -6.344000e-03
6.468350e-01 -6.099000e-03
6.558280e-01 -5.869000e-03
6.643990e-01 -5.656000e-03
6.780370e-01 -5.317000e-03
6.916770e-01 -4.993000e-03
6.972170e-01 -4.864000e-03
6.999890e-01 -4.799000e-03
7.026210e-01 -4.742000e-03
7.069230e-01 -4.644000e-03
7.194610e-01 -4.368000e-03
7.333370e-01 -4.070000e-03
7.472150e-01 -3.781000e-03
7.610770e-01 -3.501000e-03
7.749400e-01 -3.231000e-03
7.888150e-01 -2.969000e-03
8.026880e-01 -2.719000e-03
8.165850e-01 -2.478000e-03
8.304720e-01 -2.249000e-03
8.443430e-01 -2.030000e-03
8.582140e-01 -1.824000e-03
8.720630e-01 -1.626000e-03
8.858920e-01 -1.441000e-03
8.997310e-01 -1.266000e-03
9.135350e-01 -1.102000e-03
9.273440e-01 -9.480000e-04
9.411340e-01 -8.040000e-04
9.549100e-01 -6.740000e-04
9.686620e-01 -5.510000e-04
9.821620e-01 -4.410000e-04
9.940910e-01 -3.530000e-04
1.000000e+00 -3.110000e-04
