1.000000e+00 5.993000e-04
9.900000e-01 2.969000e-03
9.800000e-01 5.333500e-03
9.700000e-01 7.686800e-03
9.600000e-01 1.002320e-02
9.400000e-01 1.462390e-02
9.200000e-01 1.911560e-02
9.000000e-01 2.350250e-02
8.800000e-01 2.778910e-02
8.600000e-01 3.197400e-02
8.400000e-01 3.605360e-02
8.200000e-01 4.002450e-02
8.000000e-01 4.388360e-02
7.800000e-01 4.762810e-02
7.600000e-01 5.125650e-02
7.400000e-01 5.476750e-02
7.200000e-01 5.815990e-02
7.000000e-01 6.143290e-02
6.800000e-01 6.458430e-02
6.600000e-01 6.760460e-02
6.400000e-01 7.048220e-02
6.200000e-01 7.320550e-02
6.000000e-01 7.576330e-02
5.800000e-01 7.814510e-02
5.600000e-01 8.034800e-02
5.400000e-01 8.237120e-02
5.200000e-01 8.421450e-02
5.000000e-01 8.587720e-02
4.800000e-01 8.735720e-02
4.600000e-01 8.864270e-02
4.400000e-01 8.971750e-02
4.200000e-01 9.056570e-02
4.000000e-01 9.117120e-02
3.800000e-01 9.152120e-02
3.600000e-01 9.162660e-02
3.400000e-01 9.150790e-02
3.200000e-01 9.118570e-02
3.000000e-01 9.068040e-02
2.800000e-01 9.000160e-02
2.600000e-01 8.908400e-02
2.400000e-01 8.783080e-02
2.200000e-01 8.614330e-02
2.000000e-01 8.392020e-02
1.800000e-01 8.106870e-02
1.600000e-01 7.757070e-02
1.400000e-01 7.343600e-02
1.200000e-01 6.862040e-02
1.000000e-01 6.299810e-02
8.000000e-02 5.643080e-02
6.000000e-02 4.875710e-02
5.000000e-02 4.427530e-02
4.000000e-02 3.912830e-02
3.000000e-02 3.302150e-02
2.000000e-02 2.537350e-02
1.200000e-02 1.785810e-02
8.000000e-03 1.373500e-02
4.000000e-03 8.923800e-03
2.000000e-03 5.802500e-03
1.000000e-03 3.727100e-03
5.000000e-04 2.339000e-03
0.000000e+00 0.000000e+00
5.000000e-04 -4.670000e-03
1.000000e-03 -5.941800e-03
2.000000e-03 -7.811300e-03
4.000000e-03 -1.051260e-02
8.000000e-03 -1.428620e-02
1.200000e-02 -1.697330e-02
2.000000e-02 -2.027230e-02
3.000000e-02 -2.260560e-02
4.000000e-02 -2.452110e-02
5.000000e-02 -2.604520e-02
6.000000e-02 -2.712770e-02
8.000000e-02 -2.845950e-02
1.000000e-01 -2.937860e-02
1.200000e-01 -2.996330e-02
1.400000e-01 -3.024040e-02
1.600000e-01 -3.025460e-02
1.800000e-01 -3.004900e-02
2.000000e-01 -2.966560e-02
2.200000e-01 -2.914450e-02
2.400000e-01 -2.851810e-02
2.600000e-01 -2.781640e-02
2.800000e-01 -2.706960e-02
3.000000e-01 -2.630790e-02
3.200000e-01 -2.555650e-02
3.400000e-01 -2.481760e-02
3.600000e-01 -2.408700e-02
3.800000e-01 -2.336060e-02
4.000000e-01 -2.263410e-02
4.200000e-01 -2.190420e-02
4.400000e-01 -2.117080e-02
4.600000e-01 -2.043530e-02
4.800000e-01 -1.969860e-02
5.000000e-01 -1.896190e-02
5.200000e-01 -1.822620e-02
5.400000e-01 -1.749140e-02
5.600000e-01 -1.675720e-02
5.800000e-01 -1.602320e-02
6.000000e-01 -1.528930e-02
6.200000e-01 -1.455510e-02
6.400000e-01 -1.382070e-02
6.600000e-01 -1.308620e-02
6.800000e-01 -1.235150e-02
7.000000e-01 -1.161690e-02
7.200000e-01 -1.088230e-02
7.400000e-01 -1.014780e-02
7.600000e-01 -9.413300e-03
7.800000e-01 -8.678800e-03
8.000000e-01 -7.944300e-03
8.200000e-01 -7.209800e-03
8.400000e-01 -6.475300e-03
8.600000e-01 -5.740800e-03
8.800000e-01 -5.006300e-03
9.000000e-01 -4.271800e-03
9.200000e-01 -3.537300e-03
9.400000e-01 -2.802800e-03
9.600000e-01 -2.068300e-03
9.700000e-01 -1.701100e-03
9.800000e-01 -1.333900e-03
9.900000e-01 -9.666000e-04
1.000000e+00 -5.993000e-04
