9.835000e-01 1.700000e-03
9.800000e-01 1.974600e-03
9.700000e-01 2.759100e-03
9.600000e-01 3.543700e-03
9.500000e-01 4.359900e-03
9.400000e-01 5.607900e-03
9.300000e-01 6.835100e-03
9.200000e-01 8.044200e-03
9.100000e-01 9.238200e-03
9.000000e-01 1.041970e-02
8.800000e-01 1.275630e-02
8.600000e-01 1.506750e-02
8.400000e-01 1.735060e-02
8.200000e-01 1.960090e-02
8.000000e-01 2.181390e-02
7.800000e-01 2.398500e-02
7.600000e-01 2.610890e-02
7.400000e-01 2.817940e-02
7.200000e-01 3.018990e-02
7.000000e-01 3.213430e-02
6.800000e-01 3.400610e-02
6.600000e-01 3.580160e-02
6.400000e-01 3.751980e-02
6.200000e-01 3.915990e-02
6.000000e-01 4.072110e-02
5.800000e-01 4.220260e-02
5.600000e-01 4.360400e-02
5.400000e-01 4.492550e-02
5.200000e-01 4.616700e-02
5.000000e-01 4.732870e-02
4.800000e-01 4.841040e-02
4.600000e-01 4.941170e-02
4.400000e-01 5.033190e-02
4.200000e-01 5.116990e-02
4.000000e-01 5.192500e-02
3.800000e-01 5.259620e-02
3.600000e-01 5.318140e-02
3.400000e-01 5.367560e-02
3.200000e-01 5.407330e-02
3.000000e-01 5.436900e-02
2.800000e-01 5.455720e-02
2.650000e-01 5.462350e-02
2.500000e-01 5.461100e-02
2.350000e-01 5.449940e-02
2.200000e-01 5.426800e-02
2.050000e-01 5.389750e-02
1.900000e-01 5.336240e-02
1.750000e-01 5.265670e-02
1.600000e-01 5.177940e-02
1.450000e-01 5.072970e-02
1.300000e-01 4.950260e-02
1.150000e-01 4.804580e-02
1.000000e-01 4.627300e-02
9.000000e-02 4.487160e-02
8.000000e-02 4.325110e-02
7.000000e-02 4.135740e-02
6.000000e-02 3.913180e-02
5.000000e-02 3.645770e-02
4.200000e-02 3.385880e-02
3.600000e-02 3.155490e-02
3.000000e-02 2.885420e-02
2.400000e-02 2.565310e-02
1.800000e-02 2.183430e-02
1.200000e-02 1.726910e-02
8.295000e-03 1.407500e-02
2.295000e-03 8.069800e-03
2.295000e-03 -3.238070e-02
8.295000e-03 -3.388440e-02
1.200000e-02 -3.452600e-02
1.800000e-02 -3.540060e-02
2.400000e-02 -3.609880e-02
3.000000e-02 -3.663410e-02
3.600000e-02 -3.705360e-02
4.200000e-02 -3.739830e-02
5.000000e-02 -3.776380e-02
6.000000e-02 -3.810220e-02
7.000000e-02 -3.834540e-02
8.000000e-02 -3.851680e-02
9.000000e-02 -3.863260e-02
1.000000e-01 -3.870500e-02
1.150000e-01 -3.874750e-02
1.300000e-01 -3.875330e-02
1.450000e-01 -3.875550e-02
1.600000e-01 -3.875710e-02
1.750000e-01 -3.875860e-02
1.900000e-01 -3.876010e-02
2.050000e-01 -3.876140e-02
2.200000e-01 -3.876250e-02
2.350000e-01 -3.876320e-02
2.500000e-01 -3.876370e-02
2.650000e-01 -3.876360e-02
2.800000e-01 -3.871850e-02
3.000000e-01 -3.858860e-02
3.200000e-01 -3.838280e-02
3.400000e-01 -3.810490e-02
3.600000e-01 -3.775860e-02
3.800000e-01 -3.734750e-02
4.000000e-01 -3.687490e-02
4.200000e-01 -3.634220e-02
4.400000e-01 -3.575010e-02
4.600000e-01 -3.509900e-02
4.800000e-01 -3.438940e-02
5.000000e-01 -3.362200e-02
5.200000e-01 -3.279650e-02
5.400000e-01 -3.191230e-02
5.600000e-01 -3.096850e-02
5.800000e-01 -2.996420e-02
6.000000e-01 -2.889870e-02
6.200000e-01 -2.777250e-02
6.400000e-01 -2.658740e-02
6.600000e-01 -2.534530e-02
6.800000e-01 -2.404810e-02
7.000000e-01 -2.269770e-02
7.200000e-01 -2.129790e-02
7.400000e-01 -1.985400e-02
7.600000e-01 -1.837110e-02
7.800000e-01 -1.685440e-02
8.000000e-01 -1.530930e-02
8.200000e-01 -1.374020e-02
8.400000e-01 -1.215100e-02
8.600000e-01 -1.054580e-02
8.800000e-01 -8.928500e-03
9.000000e-01 -7.301300e-03
9.100000e-01 -6.480200e-03
9.200000e-01 -5.650300e-03
9.300000e-01 -4.808800e-03
9.400000e-01 -3.952900e-03
9.500000e-01 -3.079700e-03
9.600000e-01 -2.667800e-03
9.700000e-01 -2.256000e-03
9.800000e-01 -1.844100e-03
9.835000e-01 -1.700000e-03
