
1.000142481476619105e+00 2.953677552856588239e-04
9.906807816116049992e-01 2.389145633257424867e-03
9.779478471080301771e-01 4.226584776605920440e-03
9.648627797959221652e-01 5.916153097389631466e-03
9.516799007090603890e-01 7.601407145364247678e-03
9.385130949408566625e-01 9.328532353405643782e-03
9.253553367719861145e-01 1.109922061900500169e-02
9.122062736300907693e-01 1.291395472787318539e-02
8.990655510990213095e-01 1.477321770630374460e-02
8.859328127899027683e-01 1.667749287761383092e-02
8.728077072399753611e-01 1.862726286583281377e-02
8.596898744330335740e-01 2.062301158841477189e-02
8.465790634605990794e-01 2.266521497432305923e-02
8.334757472118465849e-01 2.475441289861879043e-02
8.203804711803124317e-01 2.689129575691872817e-02
8.072937213038654525e-01 2.907656881977386046e-02
7.942159934183189440e-01 3.131093525799112653e-02
7.811477791364546119e-01 3.359509843891994585e-02
7.680895673682255342e-01 3.592976172633945142e-02
7.550418555643846341e-01 3.831562644884108776e-02
7.420051255506053822e-01 4.075339628471043307e-02
7.289798804534786125e-01 4.324377044188855435e-02
7.159665983829573976e-01 4.578745235074065806e-02
7.029657782533088595e-01 4.838514093823919476e-02
6.899778051646570098e-01 5.103755642452070806e-02
6.769957259719692200e-01 5.374511896839039016e-02
6.640133542763618779e-01 5.650275112676009237e-02
6.510291024976930796e-01 5.930341997115654018e-02
6.380412724857118523e-01 6.214007968647611985e-02
6.250483173329238751e-01 6.500561450428275767e-02
6.120484817053677418e-01 6.789291714974922398e-02
5.990402316833037810e-01 7.079479379807396278e-02
5.860230774863848247e-01 7.370377921680695832e-02
5.730108358129262225e-01 7.660918237831265687e-02
5.600069320376297455e-01 7.950265054867346193e-02
5.470096352161321063e-01 8.237702055716376870e-02
5.340173556928283771e-01 8.522513547160441572e-02
5.210284137536944638e-01 8.803989557997123072e-02
5.080411915284458457e-01 9.081422463673755052e-02
4.950567698346101109e-01 9.354029748406152145e-02
4.820982400013150149e-01 9.619606916953518660e-02
4.691691639727582630e-01 9.875074011849969968e-02
4.562654922066105567e-01 1.011747864985541312e-01
4.433838660222787498e-01 1.034391918790198289e-01
4.305206281064218876e-01 1.055156249717004169e-01
4.176720104820005885e-01 1.073763736723377660e-01
4.048344648148652913e-01 1.089942731640800716e-01
3.919856034509119902e-01 1.103479931820982585e-01
3.790922404297914494e-01 1.114400765061034498e-01
3.661596770134731282e-01 1.122784188938089067e-01
3.531944213431534307e-01 1.128708883904570442e-01
3.402032639627216026e-01 1.132254149218569483e-01
3.271929633330526443e-01 1.133500106706925165e-01
3.141702635779303754e-01 1.132527618355978066e-01
3.011454467654155476e-01 1.129415032950212699e-01
2.881386987986802040e-01 1.124177120693302806e-01
2.751557337105234868e-01 1.116771111067108163e-01
2.622002328821212425e-01 1.107152377921025721e-01
2.492758267656515481e-01 1.095276468587482177e-01
2.363861546316940454e-01 1.081099142714616462e-01
2.235348077343871642e-01 1.064576315085152269e-01
2.107252785771230874e-01 1.045663943831713766e-01
1.979610532021833513e-01 1.024318109063687282e-01
1.852456248714693110e-01 1.000495042112428679e-01
1.725823258308663288e-01 9.741507745576699628e-02
1.599744953357273847e-01 9.452413785407078051e-02
1.474254743066189810e-01 9.137229618807803100e-02
1.349614961711458894e-01 8.795734980888718357e-02
1.226308665573589834e-01 8.426373743545244321e-02
1.104610280065865813e-01 8.026521261900804172e-02
9.847831852566117650e-02 7.593630772054105194e-02
8.670816950624057884e-02 7.125238009020402885e-02
7.517444155660624183e-02 6.618928965644765849e-02
6.389985806983297656e-02 6.072343383857160826e-02
5.290565978349889842e-02 5.483141692313057286e-02
4.221154088747731264e-02 4.848972481571554860e-02
3.192535026112947039e-02 4.172109904791518331e-02
2.248458418432115052e-02 3.460985977187430729e-02
1.407369367106192995e-02 2.701438304914633923e-02
6.924033484330470271e-03 1.893532807038198623e-02
2.243813363158586420e-03 1.134290066851516808e-02
3.116548874471200304e-05 3.999567802508497902e-03
1.930375259587902893e-04 -2.383459152906725140e-03
2.453854172135664768e-03 -7.973173051870051722e-03
6.800795419347443159e-03 -1.269456052428775961e-02
1.415404404348987594e-02 -1.702049285643163559e-02
2.321826687849547211e-02 -2.007769466011584056e-02
3.423132488839707166e-02 -2.206366334645894212e-02
4.698243211516282131e-02 -2.356174005557245058e-02
5.989992163496575539e-02 -2.478865221675593741e-02
7.285990595390187674e-02 -2.576396443251010790e-02
8.586438010213562344e-02 -2.651678671964467771e-02
9.891522195685500951e-02 -2.707679772832939646e-02
1.120144968755603931e-01 -2.747429674510746059e-02
1.251635057309524457e-01 -2.774021522884772412e-02
1.383637306876268902e-01 -2.790619019828970149e-02
1.516131700425787376e-01 -2.800426138825459765e-02
1.648788753297396326e-01 -2.805468819563986665e-02
1.781520601682026195e-01 -2.806179786826211789e-02
1.914323534818596628e-01 -2.802885226254852452e-02
2.047194796294540819e-01 -2.795912070641308131e-02
2.180130899023840496e-01 -2.785588022145161352e-02
2.313128862800215846e-01 -2.772241503238172255e-02
2.446185405943936131e-01 -2.756201705473607794e-02
2.579297353940180337e-01 -2.737798559284138761e-02
2.712461611521418403e-01 -2.717362728487603130e-02
2.845674837884119013e-01 -2.695225661964230357e-02
2.978934104527422577e-01 -2.671719488517862798e-02
3.112234634948818912e-01 -2.647176934273196350e-02
3.245534146659767583e-01 -2.621823651414928111e-02
3.378812307987465458e-01 -2.595619696268040844e-02
3.512069421102854694e-01 -2.568485003302480030e-02
3.645306039020881350e-01 -2.540339500057089972e-02
3.778522459158755731e-01 -2.511103210480853873e-02
3.911719225064185235e-01 -2.480696148927336725e-02
4.044896660250579812e-01 -2.449038422012785737e-02
4.178055276018847186e-01 -2.416050136058849052e-02
4.311195430603733669e-01 -2.381651477337786912e-02
4.444317601867241452e-01 -2.345762645224933052e-02
4.577422184197121324e-01 -2.308303903691437051e-02
4.710509620866060176e-01 -2.269195546502324190e-02
4.843580343831066504e-01 -2.228357912964280471e-02
4.976634760671990731e-01 -2.185711392823828231e-02
5.109681541233688229e-01 -2.141188564815470555e-02
5.242736118818375202e-01 -2.094821520764643744e-02
5.375798921025854993e-01 -2.046689902395512628e-02
5.508870072174990584e-01 -1.996873633631386299e-02
5.641949481207196859e-01 -1.945452761713435327e-02
5.775037308767226873e-01 -1.892507281407266803e-02
5.908133445398109362e-01 -1.838117337025454989e-02
6.041238034412894642e-01 -1.782363015074038548e-02
6.174351001150145679e-01 -1.725324535558786163e-02
6.307472454957960828e-01 -1.667082084606157089e-02
6.440602354732781754e-01 -1.607715956896805035e-02
6.573740777347311104e-01 -1.547306439045930890e-02
6.706887714003911816e-01 -1.485933899706553575e-02
6.840043210571415955e-01 -1.423678726545685516e-02
6.973207289294196531e-01 -1.360621361788946423e-02
7.106379966488678424e-01 -1.296842294440854124e-02
7.239561294167052852e-01 -1.232422040188710204e-02
7.372751260523410233e-01 -1.167441189409441221e-02
7.505949946054274458e-01 -1.101980331415349824e-02
7.639157312239263087e-01 -1.036120157765116692e-02
7.772373466766971939e-01 -9.699413318182342064e-03
7.905598345787967496e-01 -9.035246459227383800e-03
8.038832082881710583e-01 -8.369508381504076056e-03
8.172074374773187211e-01 -7.703009088577991541e-03
8.305310938084604633e-01 -7.036628909744221429e-03
8.438532258853084222e-01 -6.371224248503390593e-03
8.571731834624065627e-01 -5.707669706307016630e-03
8.704808804867864014e-01 -5.050637421035272800e-03
8.837728990479665203e-01 -4.410520424927622841e-03
8.970502048351767233e-01 -3.798067247766766762e-03
9.103135498941108406e-01 -3.223957640815927183e-03
9.235638297935881980e-01 -2.698786691063675362e-03
9.368018775489193040e-01 -2.233075233363237752e-03
9.500285022158385662e-01 -1.837268445159461784e-03
9.632458360237269313e-01 -1.521692248862829703e-03
9.765360240341167675e-01 -1.272953341192826007e-03
9.897804701464771870e-01 -1.014391852842404674e-03
1.000111319877210025e+00 -3.305679026021920248e-04
