
1.000030029464426873e+00 1.532582271745567886e-03
9.896823320568708393e-01 6.362788139269499009e-03
9.785543524935528259e-01 1.036327426630206765e-02
9.666504143220215894e-01 1.376613451088198360e-02
9.540547448261313956e-01 1.685010927415689364e-02
9.412388060221340558e-01 1.974094491270640683e-02
9.283453390462022004e-01 2.245050096735706768e-02
9.153786727646012755e-01 2.500622950421247520e-02
9.023431959295091787e-01 2.743614171852535102e-02
8.892432461930793730e-01 2.976884326778360748e-02
8.760838755860009819e-01 3.203341904320577971e-02
8.628694730284999226e-01 3.425969360711705880e-02
8.496163955138618107e-01 3.647612445344453058e-02
8.363939678202347849e-01 3.870231846782080931e-02
8.231886353653646848e-01 4.095943494627238279e-02
8.099956786317077384e-01 4.325314290503991244e-02
7.968162931074175281e-01 4.558734196676299255e-02
7.836518055558474583e-01 4.796589735382305458e-02
7.705034142047966217e-01 5.039268587556809675e-02
7.573724294227373033e-01 5.287155249241540927e-02
7.442600569799007193e-01 5.540635021543793837e-02
7.311575868089185137e-01 5.800094241293487357e-02
7.180497208688488842e-01 6.065025581813569128e-02
7.049328797235874244e-01 6.334347697125812526e-02
6.918037928616995735e-01 6.606964006827874270e-02
6.786590700513199792e-01 6.881771381631451856e-02
6.655004732778324605e-01 7.157533288935233329e-02
6.523666554550305863e-01 7.431570110291722819e-02
6.392638509910696376e-01 7.701027305820216939e-02
6.261885299731027033e-01 7.963243613368742313e-02
6.131371169404845611e-01 8.215608168132547406e-02
6.001060938062248162e-01 8.455557296254789801e-02
5.870922438691980050e-01 8.680569412489363978e-02
5.740919022445871711e-01 8.888177159906561486e-02
5.611009537041279360e-01 9.075964700287354747e-02
5.480773468982719221e-01 9.243102413262838102e-02
5.349991783321330630e-01 9.391246830184561689e-02
5.218701975042897567e-01 9.522176193097588170e-02
5.086947844832225840e-01 9.637686833032192701e-02
4.954770038562659185e-01 9.739603572210342453e-02
4.822272238995850557e-01 9.829647943860032877e-02
4.689690889886466429e-01 9.908387119237441198e-02
4.557056831253121221e-01 9.975786757492871581e-02
4.424379947792716483e-01 1.003181221396676204e-01
4.291670203965330943e-01 1.007642885999169985e-01
4.158937480044052060e-01 1.010960215233126791e-01
4.026191705994935921e-01 1.013129758196609359e-01
3.893442784652689781e-01 1.014148069941812613e-01
3.760700598790651106e-01 1.014011710467902644e-01
3.627975076514257657e-01 1.012717244903422048e-01
3.495276057049178653e-01 1.010261242556286243e-01
3.362613471998471271e-01 1.006640278902265623e-01
3.229997150057968280e-01 1.001850931882125595e-01
3.097439675114119217e-01 9.958898019636301668e-02
2.965013185132419071e-01 9.887389676621895218e-02
2.832762015042518677e-01 9.803433425300472903e-02
2.700704750171850077e-01 9.706424415556255680e-02
2.568858383498738296e-01 9.595759475955885354e-02
2.437241246745357748e-01 9.470839242662934532e-02
2.305870267928181727e-01 9.331065865848489627e-02
2.174762655713613491e-01 9.175844322412697596e-02
2.043935783935774964e-01 9.004582444924251472e-02
1.913405673639878291e-01 8.816688772997974266e-02
1.783189341520235172e-01 8.611575522745958111e-02
1.653302532437792571e-01 8.388655222286781066e-02
1.523847603002054241e-01 8.147415221017026421e-02
1.395419267607374558e-01 7.886296475768155012e-02
1.268304602468358078e-01 7.601324683901858337e-02
1.142713346382678435e-01 7.288460631401891265e-02
1.018848910282028758e-01 6.943815662231893338e-02
8.968978203878204269e-02 6.563616046688133809e-02
7.770333957457246921e-02 6.144194895418807201e-02
6.594140286930991190e-02 5.681964098013725373e-02
5.441804017061353804e-02 5.173370025757208224e-02
4.325178329253782233e-02 4.618536375223960405e-02
3.279807938567485398e-02 4.017550874216468948e-02
2.322339178784181210e-02 3.359119080741924251e-02
1.463695384922844393e-02 2.633180425257034343e-02
7.635677049581611822e-03 1.872197916089903338e-02
2.768218409874947591e-03 1.088527718582125645e-02
2.373061950741520707e-04 3.161870789505258697e-03
2.535624544104310863e-04 -2.674837884052678940e-03
2.299836242312189825e-03 -7.437463354023053988e-03
7.067613711047100039e-03 -1.228898842228726314e-02
1.598635761526986596e-02 -1.763211675067137552e-02
2.706779878401393072e-02 -2.291487295337043748e-02
3.871883646907053195e-02 -2.786006332949067174e-02
5.059970736809558250e-02 -3.240260722528071763e-02
6.269345209911544869e-02 -3.657409819650266070e-02
7.498121431021599614e-02 -4.040657340585160351e-02
8.744315483911813125e-02 -4.393302718169928012e-02
1.000584943839282343e-01 -4.718750126062610378e-02
1.128059225604959998e-01 -5.020523222811025532e-02
1.256568365678981392e-01 -5.302055567937892511e-02
1.385597558541986907e-01 -5.564774917508638619e-02
1.515047717035731822e-01 -5.809331104995359846e-02
1.644898418171092391e-01 -6.036467475307989716e-02
1.775130345492114126e-01 -6.246933094217826943e-02
1.905722471423568487e-01 -6.441478030916149289e-02
2.036653830358170492e-01 -6.620856753526487004e-02
2.167903911345352985e-01 -6.785828536406071643e-02
2.299450253349497875e-01 -6.937154566078065909e-02
2.431272060802595891e-01 -7.075602534498205698e-02
2.563346633902769955e-01 -7.201942540656365577e-02
2.695647270412263596e-01 -7.316943707731027313e-02
2.828070572046852416e-01 -7.421051128635555716e-02
2.960572043281713417e-01 -7.514263938698929890e-02
3.093143117015145216e-01 -7.596556567386575365e-02
3.225775279964783748e-01 -7.667903511522500271e-02
3.358459966255702422e-01 -7.728279269535442975e-02
3.491188663707585071e-01 -7.777658398979633847e-02
3.623952828250365243e-01 -7.816015473676088399e-02
3.756743933836549365e-01 -7.843325105785967089e-02
3.889553465475070748e-01 -7.859561938401896097e-02
4.022372881607774731e-01 -7.864700641719064855e-02
4.155193695570867929e-01 -7.858715917770492387e-02
4.288007359197446577e-01 -7.841582498032290127e-02
4.420805137673162744e-01 -7.813275201968350459e-02
4.553491069729406204e-01 -7.773609563147038104e-02
4.685956566413025381e-01 -7.721673753430573217e-02
4.818175403684238911e-01 -7.656358107243690925e-02
4.950120609275686090e-01 -7.576562676705703159e-02
5.081767917756772057e-01 -7.481195079791197466e-02
5.213090971964404741e-01 -7.369173313733208552e-02
5.344065762520686658e-01 -7.239422507148747521e-02
5.474668588841471450e-01 -7.090875817673941706e-02
5.605015628392705507e-01 -6.922511951486869097e-02
5.735446876579544107e-01 -6.734969764530052139e-02
5.865990900978980127e-01 -6.530331306043694883e-02
5.996656878207731189e-01 -6.310745753334423558e-02
6.127451598721952442e-01 -6.078400705100105161e-02
6.258386131771599414e-01 -5.835510616091749148e-02
6.389444401417432307e-01 -5.584281227603436759e-02
6.520655351939466104e-01 -5.326649459870488879e-02
6.652062868464156953e-01 -5.064521052345671848e-02
6.783714401282797679e-01 -4.799821445643501217e-02
6.915371614431738978e-01 -4.535076411444297073e-02
7.046778738563733713e-01 -4.272847420049961237e-02
7.177982452402698055e-01 -4.015062337515822033e-02
7.309027056991966864e-01 -3.763626952138919568e-02
7.440015975260537706e-01 -3.520210162696019857e-02
7.571102529185305130e-01 -3.285488268436960457e-02
7.702284665392780116e-01 -3.059965997422158662e-02
7.833552723536819640e-01 -2.844156610507516877e-02
7.964896633003821780e-01 -2.638572175685362925e-02
8.096332373905208435e-01 -2.443665121687638511e-02
8.228114298868591803e-01 -2.258579074496312733e-02
8.360295702391039585e-01 -2.081365553497491888e-02
8.492857414521073345e-01 -1.910050722669550879e-02
8.625774911450264648e-01 -1.742640386947835046e-02
8.759027519608393320e-01 -1.577107424526352081e-02
8.892341337549494185e-01 -1.411711593387515208e-02
9.025332671745457391e-01 -1.244844784052832366e-02
9.157975497522230501e-01 -1.074480754046935709e-02
9.290245702110918602e-01 -8.986190668922568181e-03
9.422132627630778190e-01 -7.152682061985644532e-03
9.554638450580055231e-01 -5.241020105403768059e-03
9.685854807412648260e-01 -3.403057658317550777e-03
9.815104235908139740e-01 -1.790251670805007109e-03
9.930903074807604369e-01 -7.055209830166387459e-04
1.000009742832925097e+00 -1.530006038912829327e-03
