
1.000017924364907662e+00 2.109388160348803914e-02
9.870774720911055233e-01 2.281412879380964945e-02
9.741440441895081737e-01 2.464668638770283957e-02
9.612161584445131357e-01 2.658381393869738499e-02
9.482923984265340112e-01 2.861771883799254373e-02
9.353714048070516096e-01 3.074055429007669857e-02
9.224516656939277803e-01 3.294445314750216180e-02
9.095318896301409772e-01 3.522146485726571075e-02
8.966105704271672971e-01 3.756362884278843794e-02
8.836863625965807323e-01 3.996290858670106805e-02
8.707578153557363754e-01 4.241123855907683038e-02
8.578235049534487233e-01 4.490049999628594607e-02
8.448820263903498162e-01 4.742252160002943112e-02
8.319318876114223382e-01 4.996909989385110717e-02
8.189717105635978545e-01 5.253195955176975102e-02
8.060015503711174256e-01 5.510249121574954667e-02
7.930379502989004514e-01 5.766878043925960373e-02
7.800851337568134314e-01 6.022137650430654798e-02
7.671415215871416615e-01 6.275202781131168639e-02
7.542058047935715770e-01 6.525247941971087928e-02
7.412764242114815438e-01 6.771457429387621463e-02
7.283520512385064372e-01 7.013015998087412939e-02
7.154311986383782296e-01 7.249116270117357541e-02
7.025124851851423102e-01 7.478953698626039648e-02
6.895867755415219236e-01 7.702002186926218408e-02
6.766387727177063383e-01 7.918866243654949788e-02
6.636689451041829502e-01 8.130334275239180231e-02
6.506785614944062823e-01 8.337187479890728614e-02
6.376686730952958460e-01 8.540215050697484711e-02
6.246405774807944900e-01 8.740206818791296239e-02
6.115953723747755699e-01 8.937960284087329010e-02
5.985345909699302247e-01 9.134270458233591239e-02
5.854765479967252162e-01 9.329227978208452787e-02
5.724321709889579335e-01 9.521735405672154817e-02
5.594005030439128667e-01 9.710651159501239305e-02
5.463805891420570049e-01 9.894842815025982341e-02
5.333714152793884722e-01 1.007318784995388516e-01
5.203721394145665036e-01 1.024457041368625476e-01
5.073816822766832324e-01 1.040788675253257606e-01
4.943964728782999640e-01 1.056209560028255195e-01
4.813951246190928956e-01 1.070717308099344289e-01
4.683729547362210921e-01 1.084385896186154108e-01
4.553300352483247715e-01 1.097289691074021800e-01
4.422665181001293466e-01 1.109503373591919639e-01
4.291824165906307220e-01 1.121102151005827358e-01
4.160779593686548816e-01 1.132161438320257729e-01
4.029531685287163212e-01 1.142757237196661835e-01
3.898258533179698171e-01 1.152922737229688938e-01
3.767354786311497561e-01 1.162441612370651856e-01
3.636852698102093218e-01 1.171018779077141886e-01
3.506767365180619156e-01 1.178365849659583769e-01
3.377118674193797521e-01 1.184200190039357559e-01
3.247919065004092332e-01 1.188245453398314305e-01
3.119184336650626665e-01 1.190230882628242892e-01
2.990923951121047253e-01 1.189891407741806711e-01
2.862588025663556079e-01 1.187082579398018173e-01
2.733727530194586253e-01 1.182060626954048316e-01
2.604314062179614586e-01 1.175174420030472566e-01
2.474329287576300662e-01 1.166782884499709128e-01
2.343750138490272028e-01 1.157254744099472932e-01
2.212552131236018016e-01 1.146968905101374281e-01
2.080746870485465638e-01 1.136317827198567720e-01
1.948968012797235583e-01 1.125737575508444777e-01
1.818083175963585707e-01 1.115016112913069096e-01
1.689230871147811841e-01 1.103114695427734882e-01
1.562524330863110100e-01 1.088943138888390644e-01
1.437843693224061803e-01 1.071487696901296388e-01
1.313949408116661111e-01 1.050124729332286982e-01
1.190616459855960568e-01 1.024871688535539116e-01
1.067852186296660982e-01 9.957989404336846373e-02
9.456667237668715809e-02 9.629767649421129561e-02
8.240718027201378304e-02 9.264754273007141938e-02
7.032147371679312031e-02 8.864025681520762423e-02
5.853916237826763125e-02 8.432483833943665852e-02
4.739537443672243305e-02 7.974740055593000643e-02
3.691141770327918681e-02 7.478189722638378667e-02
2.608474695069122606e-02 6.873649832176692565e-02
1.487866180765823332e-02 6.133411047145609363e-02
6.314558494804635262e-03 5.393769950595071055e-02
1.808684920572557493e-03 4.791726610123482610e-02
2.266316268458462048e-04 4.348991311384196173e-02
2.494030092363210016e-04 3.980488227957310055e-02
1.848682637868870066e-03 3.561683941316195340e-02
6.229703687950094090e-03 3.016875602637945214e-02
1.444698202543128612e-02 2.390571738476964664e-02
2.500969575742725479e-02 1.850882772721704206e-02
3.557477175728475383e-02 1.500811728657746973e-02
4.706110653817001388e-02 1.250978410139493013e-02
5.955294202207563753e-02 9.971993805857717538e-03
7.183887253420784269e-02 7.599687318041287686e-03
8.381130208342700560e-02 5.937900886716130505e-03
9.655657477352670714e-02 4.710892850177137402e-03
1.096132577316704521e-01 3.507176836259499018e-03
1.227110963224687379e-01 2.261560363173360007e-03
1.355970420654982467e-01 1.144172249611807943e-03
1.482779717300417854e-01 2.906694318373218336e-04
1.609105758391640717e-01 -2.063280616560067234e-04
1.737209221191808317e-01 -3.994884059913404077e-04
1.867119099555240858e-01 -3.876705186928320192e-04
1.998777671027762437e-01 -2.778629509207455515e-04
2.130818361649047810e-01 -1.668672511056708567e-04
2.262855147801891842e-01 -7.407509815881717277e-05
2.394895433691980047e-01 1.790504237542391476e-06
2.526940909112316280e-01 6.200240830166509520e-05
2.658993150335508537e-01 1.078345044691624455e-04
2.791053791912453397e-01 1.405618206194201930e-04
2.923124459156989374e-01 1.614604893678357939e-04
3.055206734958420545e-01 1.718077554544636106e-04
3.187302290664921767e-01 1.728819907139313844e-04
3.319412661123000152e-01 1.659626872177964708e-04
3.451539560556732278e-01 1.523304573228870522e-04
3.583684479409045553e-01 1.332670611398881926e-04
3.715849171483510682e-01 1.100553566255120150e-04
3.848035086463985621e-01 8.397938382708998797e-05
3.980244014310909129e-01 5.632425455896979442e-05
4.112470054664569274e-01 2.828484317600249762e-05
4.244696360084672104e-01 4.739443884067754001e-07
4.376921287600309407e-01 -2.672587705291123251e-05
4.509144272100021889e-01 -5.293288587186737218e-05
4.641364870065283754e-01 -7.776547121369807786e-05
4.773582525018638667e-01 -1.008421003055452904e-04
4.905796782977758785e-01 -1.217813588349346988e-04
5.038007097812681190e-01 -1.402019168978445231e-04
5.170213004779125043e-01 -1.557225566454110369e-04
5.302413968405113032e-01 -1.679621507887763378e-04
5.434609512884066573e-01 -1.765396783309410847e-04
5.566799113718152725e-01 -1.810742140000652081e-04
5.698982283735757326e-01 -1.811849345258326194e-04
5.831158509735188122e-01 -1.764911156864091299e-04
5.963327292874580632e-01 -1.666121333192260032e-04
6.095469511140078067e-01 -1.508799273195361311e-04
6.227535914369952685e-01 -1.258643077455510204e-04
6.359522560346662079e-01 -8.660574197654201693e-05
6.491428089064233964e-01 -2.814507500526046175e-05
6.623251846242772523e-01 5.446014390875960069e-05
6.754992234224550529e-01 1.661348571665878363e-04
6.886648872916162345e-01 3.117881008983749047e-04
7.018219900634546926e-01 4.963105598799705340e-04
7.149705084185306037e-01 7.245782253172538146e-04
7.281102791736664415e-01 1.001448344180944864e-03
7.412412451649946776e-01 1.331763511027317165e-03
7.543632880515669381e-01 1.720348620789194805e-03
7.674763135808387871e-01 2.172012716546702690e-03
7.805802553075963379e-01 2.691549794742668922e-03
7.936749791921449138e-01 3.283735100043678936e-03
8.067638512027517361e-01 3.953140512379030649e-03
8.198651605342470727e-01 4.697282338274363055e-03
8.329818440969491977e-01 5.505358692208806894e-03
8.461140078380390284e-01 6.366034322192673164e-03
8.592616674360369355e-01 7.267877045224962508e-03
8.724248521783641852e-01 8.199363055622565025e-03
8.856036652336859438e-01 9.148880793100791498e-03
8.987923938527865309e-01 1.010430416987221150e-02
9.119649448086792898e-01 1.105197896644896823e-02
9.251178347866773066e-01 1.197995135676339223e-02
9.382509624631061307e-01 1.287660695460724966e-02
9.513693526934046130e-01 1.373082487269092038e-02
9.642821977857429783e-01 1.460389919640943390e-02
9.766588235477270397e-01 1.576641687322904647e-02
9.885441558268326379e-01 1.749055877432068723e-02
1.000000015760560412e+00 1.999974893463055473e-02
