
1.000004105848352642e+00 1.182452309758695976e-03
9.872282150998221706e-01 4.398546713659346602e-03
9.744449109458359626e-01 7.576400834527894333e-03
9.616541150926785075e-01 1.071544557114093889e-02
9.488557409681416255e-01 1.381511412380229467e-02
9.360497037076632720e-01 1.687483949047940968e-02
9.232359230369274750e-01 1.989405381895582164e-02
9.104143082434104084e-01 2.287219194835803798e-02
8.975847829351061291e-01 2.580868560729894165e-02
8.847472554128583688e-01 2.870297028586868068e-02
8.719016449239737065e-01 3.155447918869450780e-02
8.590478661885638800e-01 3.436264677744416129e-02
8.461858315553014709e-01 3.712690823091313597e-02
8.333154621919633964e-01 3.984669705618942154e-02
8.204366655522501439e-01 4.252144988602036407e-02
8.075493630441594739e-01 4.515060063310404742e-02
7.946534647148802977e-01 4.773358576947754617e-02
7.817488861674944944e-01 5.026984082042133817e-02
7.688355439762327714e-01 5.275880134201078875e-02
7.559133468445842219e-01 5.519990459190803750e-02
7.429822170767049760e-01 5.759258544426189980e-02
7.300420604173932793e-01 5.993628205644783297e-02
7.170927950491896574e-01 6.223043046196124334e-02
7.041343332946068401e-01 6.447446794676300885e-02
6.911671697667898240e-01 6.666764832389868167e-02
6.781931485654648650e-01 6.880806491112485823e-02
6.652126285405725037e-01 7.089348881788516687e-02
6.522258873415152092e-01 7.292170014735840922e-02
6.392331642841627692e-01 7.489048861813234204e-02
6.262347128597852697e-01 7.679764510896956720e-02
6.132308011273988058e-01 7.864096195779750331e-02
6.002216581501778059e-01 8.041824053833208918e-02
5.872075618433614252e-01 8.212727895663307631e-02
5.741887443544356762e-01 8.376588503150407539e-02
5.611654590106835983e-01 8.533186719316168678e-02
5.481379685490185283e-01 8.682303640496828734e-02
5.351064983760885907e-01 8.823721140113478800e-02
5.220713201146309768e-01 8.957220927479346562e-02
5.090326620358746057e-01 9.082585525116650127e-02
4.959907672628470765e-01 9.199597630052588904e-02
4.829458962299600921e-01 9.308040142378920523e-02
4.698982638536481349e-01 9.407696683862051823e-02
4.568481280768691977e-01 9.498350858790381712e-02
4.437957163203029021e-01 9.579786837133101585e-02
4.307412507645017596e-01 9.651789116507163147e-02
4.176849919776270958e-01 9.714142309548116916e-02
4.046271371362957781e-01 9.766631658856732290e-02
3.915679227056247380e-01 9.809042500907264039e-02
3.785075776129168679e-01 9.841160513257092568e-02
3.654463012405668731e-01 9.862771712108948929e-02
3.523843294597831521e-01 9.873662301868632585e-02
3.393218608220470722e-01 9.873618792704297320e-02
3.262590942436692787e-01 9.862427889260509672e-02
3.131962611432050902e-01 9.839876556790935758e-02
3.001335637857798222e-01 9.805751972780299419e-02
2.870802278620227521e-01 9.759696455161373518e-02
2.740492174641400158e-01 9.700658888304569683e-02
2.610456915647829668e-01 9.627393509180338926e-02
2.480749228674169748e-01 9.538667845083342867e-02
2.351421260699794458e-01 9.433262279514707804e-02
2.222523089743786984e-01 9.309968596001100272e-02
2.094105458626437932e-01 9.167592120435240355e-02
1.966219025713044910e-01 9.004951645056440135e-02
1.838911234245142468e-01 8.820875075692342915e-02
1.712229734947457449e-01 8.614202883339379391e-02
1.586221746068273153e-01 8.383787404733258897e-02
1.460932012270292346e-01 8.128488425541050000e-02
1.336403550689813646e-01 7.847172596082611917e-02
1.212678316392894057e-01 7.538713322541712447e-02
1.089797012377509283e-01 7.201988945089078664e-02
9.677980892372373134e-02 6.835877909800436303e-02
8.467175892201772580e-02 6.439254916944209262e-02
7.266698730568282860e-02 6.011257350805885441e-02
6.100354352219886089e-02 5.553910035357097208e-02
4.989877435912597886e-02 5.057850047679814803e-02
3.946108300174396011e-02 4.511173162367271283e-02
2.977122704982909304e-02 3.903601384486041909e-02
2.089308975877993135e-02 3.226007679721498711e-02
1.268918151907769132e-02 2.446130333593496409e-02
5.605408051694264412e-03 1.578161465125552110e-02
1.506152662547386063e-03 8.047254127300430826e-03
2.342278297288447053e-04 1.889866009077211667e-03
1.021340791459222084e-03 -3.506877242599593884e-03
4.042733891148120318e-03 -9.241387492011976512e-03
9.428722270656329438e-03 -1.462220407818377171e-02
1.647819137396256545e-02 -1.845269858986790107e-02
2.633267153131468169e-02 -2.111805070233922083e-02
3.792881824798394197e-02 -2.295605316117190278e-02
4.987527572666519693e-02 -2.396050618233012269e-02
6.225144448907373590e-02 -2.434442986147879184e-02
7.512431254492706045e-02 -2.436603949864227930e-02
8.826935083767796508e-02 -2.428819105636186373e-02
1.014220692342435864e-01 -2.417087973704491397e-02
1.145807491161074665e-01 -2.401669976378800753e-02
1.277452702574116139e-01 -2.382824283743903079e-02
1.409154654970522780e-01 -2.360810599366107432e-02
1.540911888589264200e-01 -2.335889079266808069e-02
1.672722998204529132e-01 -2.308320342456981339e-02
1.804586261922073720e-01 -2.278365554320774256e-02
1.936500528020320133e-01 -2.246286229992357220e-02
2.068463911900076113e-01 -2.212344536180034862e-02
2.200475259443337439e-01 -2.176802936765928620e-02
2.332532812229628216e-01 -2.139924530825320845e-02
2.464635233980998485e-01 -2.101972782664795342e-02
2.596780987153591846e-01 -2.063211690649373667e-02
2.728968533810291475e-01 -2.023905733897500558e-02
2.861196352501151896e-01 -1.984319866926259959e-02
2.993423862457180173e-01 -1.944731193035202990e-02
3.125627930978592817e-01 -1.905372300285635215e-02
3.257830642903034035e-01 -1.866279620596966032e-02
3.390032288437037078e-01 -1.827443235348476941e-02
3.522232956780954605e-01 -1.788853279744077179e-02
3.654432758896711819e-01 -1.750499881940969366e-02
3.786631790948461473e-01 -1.712373173754486166e-02
3.918830156913178930e-01 -1.674463284066480748e-02
4.051027959904299203e-01 -1.636760341356782375e-02
4.183225296929375392e-01 -1.599254475178521831e-02
4.315422278035852544e-01 -1.561935810723073803e-02
4.447618993278115163e-01 -1.524794478167762306e-02
4.579815559621545629e-01 -1.487820599456553781e-02
4.712012063165931797e-01 -1.451004304521482519e-02
4.844208618832924196e-01 -1.414335714580166291e-02
4.976405318192433369e-01 -1.377804956683715588e-02
5.108602269736599588e-01 -1.341402152526309163e-02
5.240799571901334497e-01 -1.305117425918537848e-02
5.372997326295889664e-01 -1.268940899127603446e-02
5.505195638204702924e-01 -1.232862692754025345e-02
5.637394602372284291e-01 -1.196872929608683127e-02
5.769594330913414559e-01 -1.160961727106554243e-02
5.901794912247848579e-01 -1.125119208437824585e-02
6.033996463738240390e-01 -1.089335488274126990e-02
6.166199071940160481e-01 -1.053600688967763072e-02
6.298402850290745203e-01 -1.017904924930693351e-02
6.430607892124095004e-01 -9.822383153422343041e-03
6.562814304083904871e-01 -9.465909751214951137e-03
6.695022177521912088e-01 -9.109530226454404939e-03
6.827230113057871641e-01 -8.753149775055465986e-03
6.959436746480285318e-01 -8.396673498208070616e-03
7.091642181057001837e-01 -8.040002547647402339e-03
7.223846506534998824e-01 -7.683038118264974743e-03
7.356049838664108220e-01 -7.325681341418315180e-03
7.488252264216581633e-01 -6.967833433423446104e-03
7.620453898547943083e-01 -6.609395539944117742e-03
7.752654833117312849e-01 -6.250268878014192397e-03
7.884855176479295125e-01 -5.890354624959758846e-03
8.017055026928294748e-01 -5.529553992626128414e-03
8.149254486199133396e-01 -5.167768190178612976e-03
8.281453659440266568e-01 -4.804898424052366293e-03
8.413652641548535760e-01 -4.440845935487580318e-03
8.545851544544549316e-01 -4.075511925226297898e-03
8.678050456469734719e-01 -3.708797666878126294e-03
8.810249494007734716e-01 -3.340604361361728791e-03
8.942448745007498534e-01 -2.970833296367025519e-03
9.074648322923942745e-01 -2.599385694799517896e-03
9.206848321310644456e-01 -2.226162841906995787e-03
9.339048846715392038e-01 -1.851065993059599008e-03
9.471249999633848393e-01 -1.473996427286800113e-03
9.603451879690614312e-01 -1.094855432823347088e-03
9.735654594339665513e-01 -7.135442820208355965e-04
9.867858236267124106e-01 -3.299642964386024797e-04
1.000006291990076956e+00 5.598325877188485664e-05
