
9.999941365755625755e-01 -7.947355600702278795e-05
9.869270055906552708e-01 1.148693298979848150e-03
9.738524262248727803e-01 2.354582395043304088e-03
9.607706751141857904e-01 3.541732530530569689e-03
9.476820942917948409e-01 4.713685336948843403e-03
9.345869936416268953e-01 5.873994281987022711e-03
9.214856870045891046e-01 7.026221378507094620e-03
9.083785145168953301e-01 8.173935287055842866e-03
8.952678371839416505e-01 9.320536844087744938e-03
8.821619174310946221e-01 1.046891524506445362e-02
8.690620183512930419e-01 1.162256546782290505e-02
8.559684020086125722e-01 1.278506111881884226e-02
8.428814322425345340e-01 1.395995786809349493e-02
8.298013979412129926e-01 1.515080913435789406e-02
8.167286309824886015e-01 1.636115559194061680e-02
8.036620676141380537e-01 1.759449824900572237e-02
7.905953032779750034e-01 1.885190064667846208e-02
7.775272309907874657e-01 2.013137532912088676e-02
7.644576767102092552e-01 2.143075876112996228e-02
7.513864060638760778e-01 2.274789004882154034e-02
7.383132448528144653e-01 2.408059896043662426e-02
7.252379705167072421e-01 2.542671680966804640e-02
7.121603899278095007e-01 2.678406857692040843e-02
6.990802977532455387e-01 2.815047714451004296e-02
6.859974828792242407e-01 2.952376265743746758e-02
6.729117560879933624e-01 3.090173960403127390e-02
6.598229136675951567e-01 3.228222062801793663e-02
6.467341652061854296e-01 3.366265521986497311e-02
6.336485357681791442e-01 3.504051241177517928e-02
6.205658031129354102e-01 3.641360691068225991e-02
6.074857880533113264e-01 3.777975226391422359e-02
5.944082694751036122e-01 3.913676977111013588e-02
5.813330520549605529e-01 4.048248138698589543e-02
5.682599326830146680e-01 4.181471322946075930e-02
5.551886987877630020e-01 4.313129570422075121e-02
5.421191662051721982e-01 4.443005969375799641e-02
5.290511055568453136e-01 4.570884390495442984e-02
5.159843477737813267e-01 4.696548443830922404e-02
5.029186590255153577e-01 4.819782699157160871e-02
4.898538583136492486e-01 4.940371549656116801e-02
4.767897329764506087e-01 5.058100017316430330e-02
4.637260806168601590e-01 5.172753354045175195e-02
4.506640710907997005e-01 5.284083004483725726e-02
4.376064974306879130e-01 5.391646238374361855e-02
4.245534761875480179e-01 5.494937303905313847e-02
4.115048349370170611e-01 5.593454080929501082e-02
3.984605224760373599e-01 5.686695286998717791e-02
3.854204292355139505e-01 5.774161882464864948e-02
3.723844365976611837e-01 5.855356640644331090e-02
3.593525013282962699e-01 5.929783651920383925e-02
3.463244572127490706e-01 5.996949489467950228e-02
3.333002466566340471e-01 6.056361860312965001e-02
3.202797439976388105e-01 6.107530560784277252e-02
3.072628136249955788e-01 6.149967079677429171e-02
2.942494026775474558e-01 6.183184340356283337e-02
2.812393201647710450e-01 6.206697308059270363e-02
2.682324762285860364e-01 6.220022295875744095e-02
2.552353177026647213e-01 6.222554719787804639e-02
2.422580760467543393e-01 6.213115985481602183e-02
2.293043696266084397e-01 6.190369354969594423e-02
2.163775280696643710e-01 6.152991797299352250e-02
2.034808384866305941e-01 6.099673747938901686e-02
1.906177105979443842e-01 6.029119988072172837e-02
1.777913254883528027e-01 5.940048025549660160e-02
1.650047838568025615e-01 5.831187970899517903e-02
1.522612027394904533e-01 5.701283061311371303e-02
1.395635958880256933e-01 5.549088378527086696e-02
1.269147059707724512e-01 5.373367519298215961e-02
1.143186853030603162e-01 5.172914019484822767e-02
1.018370616241123933e-01 4.946183954489681567e-02
8.952376156425799480e-02 4.688468847465640521e-02
7.740447447324698416e-02 4.394410690613351211e-02
6.550308901330867406e-02 4.058912191232895428e-02
5.384084077424737547e-02 3.677081791607977185e-02
4.243586922756218544e-02 3.244160599768188685e-02
3.130296832641983606e-02 2.755423930517556311e-02
2.056795718766848968e-02 2.211511301165822868e-02
1.186995176627332269e-02 1.659954374339329269e-02
5.592736908253835050e-03 1.073578340390390386e-02
1.516835838674212341e-03 4.443700438319123265e-03
3.570413430476363035e-04 -2.794776705870449123e-04
1.306099545362359674e-03 -4.803631722076200962e-03
4.799327757712668584e-03 -1.015359096126051790e-02
1.180949382934665982e-02 -1.620714049265358295e-02
2.121488045308341647e-02 -2.235466498301484639e-02
3.143421103268214528e-02 -2.772605933027826389e-02
4.242017586695489423e-02 -3.253311495176293422e-02
5.383360022033958914e-02 -3.685274031734510347e-02
6.548243023045102751e-02 -4.067459817086304524e-02
7.735306182212275949e-02 -4.403612743804217328e-02
8.942964015940882416e-02 -4.697530286539060990e-02
1.016942866524385841e-01 -4.953115977200826109e-02
1.141275463995475303e-01 -5.174419345230781009e-02
1.267086368069934577e-01 -5.365657518232692241e-02
1.394153164155228497e-01 -5.531224015154005691e-02
1.522226533170761287e-01 -5.675673596510985575e-02
1.650670103324707039e-01 -5.801955720115301723e-02
1.779251543413128689e-01 -5.910767526709905656e-02
1.907968759098489786e-01 -6.002728166745630728e-02
2.036820059199286048e-01 -6.078458930918047981e-02
2.165803147916488536e-01 -6.138582684501232151e-02
2.294914990445308944e-01 -6.183724278658391665e-02
2.424153185330314153e-01 -6.214511282104490802e-02
2.553514627289213967e-01 -6.231573585152404282e-02
2.682995633683918912e-01 -6.235543818535094901e-02
2.812593389131304855e-01 -6.227057501425677793e-02
2.942303943938502919e-01 -6.206753070102025149e-02
3.072123277834820643e-01 -6.175272106217708640e-02
3.202048458491625893e-01 -6.133258945672468571e-02
3.332074646226269588e-01 -6.081361582793272380e-02
3.462198115584707581e-01 -6.020230854341749455e-02
3.592415086460471474e-01 -5.950520710282644621e-02
3.722720776444403135e-01 -5.872888839265999472e-02
3.853111823438120642e-01 -5.787995309596003640e-02
3.983583434287897296e-01 -5.696504264159481939e-02
4.114131567799428901e-01 -5.599082590995871356e-02
4.244752368602771053e-01 -5.496400207620533163e-02
4.375440985023427709e-01 -5.389131029353963487e-02
4.506194282016933172e-01 -5.277950781819046311e-02
4.637004879182978212e-01 -5.163541078671025214e-02
4.767819496073848473e-01 -5.046473727287641153e-02
4.898616583974894634e-01 -4.926975042305452301e-02
5.029399053990702972e-01 -4.805210271828061486e-02
5.160169917659717109e-01 -4.681344761791205594e-02
5.290931930608668843e-01 -4.555544295005820726e-02
5.421688256851276977e-01 -4.427974457463994956e-02
5.552441561619007038e-01 -4.298801514694000625e-02
5.683194980565964283e-01 -4.168191468450344050e-02
5.813951281870026744e-01 -4.036310881665037403e-02
5.944713476521844564e-01 -3.903326273183866518e-02
6.075484471671132036e-01 -3.769404464649174502e-02
6.206267146269813795e-01 -3.634712506796567572e-02
6.337064541005615892e-01 -3.499417483486930158e-02
6.467879409132534230e-01 -3.363686976087660457e-02
6.598714919150592273e-01 -3.227688336387517926e-02
6.729565600736457931e-01 -3.091598100133025745e-02
6.860396449128286500e-01 -2.955623631248545033e-02
6.991205243210607545e-01 -2.819938064609323752e-02
7.121994772378186234e-01 -2.684709122621803390e-02
7.252768043362591843e-01 -2.550104101454393063e-02
7.383527968395943164e-01 -2.416290194887530524e-02
7.514277423235418141e-01 -2.283434433380691214e-02
7.645019449292589364e-01 -2.151703480046410211e-02
7.775756785772927060e-01 -2.021264103580521290e-02
7.906492583217087367e-01 -1.892282462930990755e-02
8.037229518220750935e-01 -1.764924989024165003e-02
8.167970730052125372e-01 -1.639357461688979029e-02
8.298718996731238029e-01 -1.515745815930329837e-02
8.429477307235893058e-01 -1.394255588259530124e-02
8.560253787733743680e-01 -1.275044226968813713e-02
8.691121825449223959e-01 -1.157962359026687427e-02
8.822096504525493987e-01 -1.042494869669003364e-02
8.953166649577407599e-01 -9.281083011846694500e-03
9.084319480007764236e-01 -8.142685477425909771e-03
9.215480404597263808e-01 -7.004931211850170050e-03
9.346537257515138419e-01 -5.863317571093527338e-03
9.477475769712316866e-01 -4.712511023737477218e-03
9.608284142500143066e-01 -3.547177241932923664e-03
9.738950466863347533e-01 -2.362003440292099327e-03
9.869462477707069414e-01 -1.151700744527538872e-03
9.999808803855546602e-01 8.900739177264574778e-05
