
9.999670459956992996e-01 -1.947523401690464903e-04
9.873509933074340328e-01 2.467795836441789153e-03
9.746415504882095515e-01 4.930120314666329093e-03
9.618436301849472292e-01 7.228981039864395414e-03
9.489620085917935821e-01 9.402208169816038408e-03
9.360026671060890369e-01 1.148853061602163848e-02
9.229711917354821438e-01 1.352790060052938212e-02
9.098961223245375374e-01 1.555330522565861150e-02
8.968158021635922461e-01 1.757027649567691197e-02
8.837311567288816949e-01 1.958059551793666156e-02
8.706425618467813488e-01 2.158611798349289665e-02
8.575503465691793892e-01 2.358870924391935631e-02
8.444550046853973591e-01 2.559021194728307996e-02
8.313605366206198166e-01 2.759193491982106852e-02
8.182691845922973606e-01 2.959545508931676894e-02
8.051813271455178223e-01 3.160263179959964946e-02
7.920973004804240380e-01 3.361532839425031283e-02
7.790174727427179313e-01 3.563540083004109599e-02
7.659420954803425330e-01 3.766471842222982730e-02
7.528675006033487271e-01 3.970470716859366561e-02
7.397910924838295710e-01 4.175390555148394273e-02
7.267124971168404945e-01 4.381006931393071485e-02
7.136313163188022779e-01 4.587095439988117529e-02
7.005472670559655946e-01 4.793429499526694754e-02
6.874641192681649748e-01 4.999718294096729132e-02
6.743840470623638783e-01 5.205696240706474825e-02
6.613067039832891680e-01 5.411137855968183030e-02
6.482316696703487313e-01 5.615819179214354140e-02
6.351585935638081049e-01 5.819515514825453206e-02
6.220870675547266471e-01 6.022003425585765318e-02
6.090167294429467137e-01 6.223059118336387446e-02
5.959471856091645980e-01 6.422459643609115809e-02
5.828780606108848739e-01 6.619982128207953231e-02
5.698089762757190258e-01 6.815404097961949570e-02
5.567395427012720166e-01 7.008503606860704005e-02
5.436693980754027100e-01 7.199058647581167703e-02
5.305981367951158045e-01 7.386848203969470505e-02
5.175255716700086772e-01 7.571648108743328498e-02
5.044562608775948753e-01 7.753028585237443926e-02
4.913926466578042995e-01 7.930250142093792087e-02
4.783342198263857981e-01 8.102567186672841870e-02
4.652805609168126355e-01 8.269236827532056022e-02
4.522312445022493299e-01 8.429520193726286470e-02
4.391857720492549078e-01 8.582683174946106885e-02
4.261438089927056527e-01 8.727993609246052775e-02
4.131048074745273246e-01 8.864725608749933483e-02
4.000683858078642463e-01 8.992155234226155425e-02
3.870340818219544232e-01 9.109563187530135553e-02
3.740013926930925714e-01 9.216234160718690671e-02
3.609699568341872000e-01 9.311455360090604982e-02
3.479391939990561511e-01 9.394519234146073150e-02
3.349086461961422456e-01 9.464720708484192224e-02
3.218784144868746533e-01 9.521352454666709431e-02
3.088561807366568823e-01 9.563471831047767879e-02
2.958484681318243603e-01 9.589826743887130966e-02
2.828598911852395204e-01 9.599157688946094447e-02
2.698949585151468322e-01 9.590218017114691962e-02
2.569582871652212885e-01 9.561774161351040136e-02
2.440543365312818347e-01 9.512605670072055153e-02
2.311874134550994386e-01 9.441504394049672622e-02
2.183618326460806391e-01 9.347274838855020029e-02
2.055818642672293528e-01 9.228734060317719812e-02
1.928514367950967257e-01 9.084707953928199131e-02
1.801744603746617823e-01 8.914032649653026719e-02
1.675547348626099109e-01 8.715552872347218094e-02
1.549958679960250496e-01 8.488119174076387552e-02
1.425011893788923067e-01 8.230583670521290918e-02
1.300775058965755182e-01 7.941858178608257601e-02
1.177665553863470743e-01 7.620771055937713978e-02
1.056059492704717329e-01 7.265002876568692203e-02
9.362691207402300264e-02 6.872128121169784887e-02
8.185961891949361524e-02 6.439810791613671814e-02
7.033288635358372898e-02 5.965790741340738085e-02
5.907391978542680250e-02 5.447862641139309542e-02
4.810814555626977129e-02 4.883847456265152931e-02
3.746056060975758856e-02 4.271642710846215024e-02
2.748810363342855945e-02 3.623330712001466419e-02
1.869821844798544991e-02 2.938930302368072608e-02
1.121304043230068360e-02 2.199683178752533802e-02
5.056619219892121049e-03 1.385010603494841661e-02
8.791060645912162144e-04 5.807500201640408526e-03
-1.571154953200542756e-04 1.025737255510470266e-04
6.445884500673290836e-04 -3.338767090882766887e-03
3.475696990847214080e-03 -6.252078911620438315e-03
1.061418649510845018e-02 -1.014262624398791154e-02
2.025843136857683260e-02 -1.304575913389119553e-02
3.252288270907198464e-02 -1.552680557709981701e-02
4.510103684111386319e-02 -1.766752190005822440e-02
5.776777607494842925e-02 -1.948983555253677724e-02
7.053227707186701667e-02 -2.105253287987907465e-02
8.340287033749031742e-02 -2.241662879852736323e-02
9.638791893966938695e-02 -2.364582408636555291e-02
1.094745321112398917e-01 -2.480245638173330519e-02
1.225910057641505096e-01 -2.591056627411719021e-02
1.357261329711508258e-01 -2.697329607530593240e-02
1.488766940986173681e-01 -2.799385209484577322e-02
1.620395318126853224e-01 -2.897545491537639739e-02
1.752114042744195577e-01 -2.992132789043612170e-02
1.883874255022781607e-01 -3.083420176345872538e-02
2.015633447985307469e-01 -3.171444203719304272e-02
2.147391985475872733e-01 -3.256178444031565533e-02
2.279150993212600840e-01 -3.337596809503150935e-02
2.410911584544087050e-01 -3.415673207084724688e-02
2.542674863052824530e-01 -3.490381541393028364e-02
2.674441966246213775e-01 -3.561695738984656245e-02
2.806213975925525572e-01 -3.629589698870984427e-02
2.937992047274373131e-01 -3.694037361152052723e-02
3.069777259206977194e-01 -3.755012630036189819e-02
3.201570760581208819e-01 -3.812489445670413230e-02
3.333373649465090072e-01 -3.866441726942869417e-02
3.465187052775209331e-01 -3.916843407587219938e-02
3.597012092682440598e-01 -3.963668420733749975e-02
3.728848573009257983e-01 -4.006888775762133120e-02
3.860690900501491107e-01 -4.046449920071111539e-02
3.992536864951339859e-01 -4.082278018439246259e-02
4.124385114951882314e-01 -4.114298938232936742e-02
4.256234094884024377e-01 -4.142438532532752293e-02
4.388082412830835444e-01 -4.166622732483196700e-02
4.519928574471738791e-01 -4.186777486173544338e-02
4.651771123739533165e-01 -4.202828789399489645e-02
4.783608636927943469e-01 -4.214702679469022051e-02
4.915439592729452523e-01 -4.222325224691911294e-02
5.047262630957254359e-01 -4.225622542677309051e-02
5.179076190666039858e-01 -4.224520782881077685e-02
5.310878923527876383e-01 -4.218946136003273034e-02
5.442669317195633072e-01 -4.208824833267400117e-02
5.574445955935407593e-01 -4.194083141205979387e-02
5.706207403807281864e-01 -4.174647364147985457e-02
5.837952176796518122e-01 -4.150443853497817054e-02
5.969678916982188444e-01 -4.121398975088767791e-02
6.101386071331709182e-01 -4.087439174699863259e-02
6.233071174181531449e-01 -4.048491178636168947e-02
6.364620758512136156e-01 -4.004259416765475199e-02
6.495935354413773233e-01 -3.953604390874476682e-02
6.626999074064983120e-01 -3.895199294128341011e-02
6.757795237095567398e-01 -3.827730409093992731e-02
6.888309763790616547e-01 -3.749895232073090223e-02
7.018526043867634456e-01 -3.660405064054845364e-02
7.148429878091475675e-01 -3.557982010634677672e-02
7.278115856443314602e-01 -3.441446212815550687e-02
7.407798198268141787e-01 -3.310847602822030583e-02
7.537486252127395536e-01 -3.167008416196378379e-02
7.667182702134985872e-01 -3.010764330333236954e-02
7.796890418243542786e-01 -2.842955825049302623e-02
7.926610691341176018e-01 -2.664430671579931173e-02
8.056350951143761430e-01 -2.476034403777587628e-02
8.186267365515097483e-01 -2.278803200048456351e-02
8.316468445010630761e-01 -2.074845611348413721e-02
8.446987211902493575e-01 -1.866566781379038267e-02
8.577765493021923815e-01 -1.656560414112520294e-02
8.708278109652149990e-01 -1.448196969777540248e-02
8.838457218488882106e-01 -1.244087275879463689e-02
8.968331007549575906e-01 -1.046645554798323469e-02
9.097932350439149607e-01 -8.582371242312359511e-03
9.227291260847774179e-01 -6.811909973033554444e-03
9.356436330373634203e-01 -5.177979548753658921e-03
9.485400115938027454e-01 -3.703048217072949910e-03
9.614212011604168495e-01 -2.409248871386039399e-03
9.742902861161217842e-01 -1.318334271726000640e-03
9.871506826347434815e-01 -4.516913737301331538e-04
1.000005785452459772e+00 1.695969165672915949e-04
