
9.999782702190694872e-01 -5.018340938144271672e-05
9.888016323759882820e-01 5.002137115663799968e-03
9.772370324274092246e-01 9.515276365651227641e-03
9.653084946749511674e-01 1.358155062356756169e-02
9.530480086004197160e-01 1.729928695597473393e-02
9.404939023050720159e-01 2.077556774353529756e-02
9.276980443732691928e-01 2.412520973010445768e-02
9.148307937073929530e-01 2.739448429235642746e-02
9.019439840614753567e-01 3.058248170944516398e-02
8.890375926685303298e-01 3.369411729701378422e-02
8.761117013043824286e-01 3.673429494956212404e-02
8.631663393721759059e-01 3.970794609745297715e-02
8.502015682211847558e-01 4.262000982908602936e-02
8.372174686750287753e-01 4.547543667446567184e-02
8.242140837213413063e-01 4.827920147077566920e-02
8.111915398942524114e-01 5.103627733327353172e-02
7.981498646818825371e-01 5.375167506034717740e-02
7.850915226589822993e-01 5.642958804403923334e-02
7.720248469775540245e-01 5.906867534875183401e-02
7.589507691110792820e-01 6.166607958410865592e-02
7.458695031827820010e-01 6.421903340615825462e-02
7.327811977762143103e-01 6.672478745807194911e-02
7.196860546512300338e-01 6.918058711520096160e-02
7.065842380222909780e-01 7.158369000571679353e-02
6.934759351393683380e-01 7.393135452620132331e-02
6.803613269557953203e-01 7.622084541187587603e-02
6.672405839366322144e-01 7.844943431923728783e-02
6.541139048810270529e-01 8.061439327868405447e-02
6.409814410752969760e-01 8.271300735657968750e-02
6.278434102497421065e-01 8.474255613179246249e-02
6.146999503390295772e-01 8.670033689762768336e-02
6.015512740764831223e-01 8.858364074588687131e-02
5.883975318195531212e-01 9.038977317836255354e-02
5.752389138029960769e-01 9.211603916109026291e-02
5.620755912134829391e-01 9.375975153789567473e-02
5.489077266067595717e-01 9.531822924789180862e-02
5.357355128632810271e-01 9.678879282475180701e-02
5.225590857122872634e-01 9.816877430574194596e-02
5.093786497782512024e-01 9.945550337714603728e-02
4.961943329226081167e-01 1.006463224804420437e-01
4.830063156401974145e-01 1.017385737511958543e-01
4.698147489231074836e-01 1.027296068476598045e-01
4.566197763855631697e-01 1.036167764059706120e-01
4.434215724312036699e-01 1.043974396131512883e-01
4.302202496087711436e-01 1.050689617822286315e-01
4.170159811942760197e-01 1.056287090547800567e-01
4.038088796027325955e-01 1.060740545318920314e-01
3.905990830162723859e-01 1.064023738059074881e-01
3.773867276154001527e-01 1.066110463564573785e-01
3.641725559464262796e-01 1.066973984397877329e-01
3.509629870210366764e-01 1.066569350674867883e-01
3.377623241007214894e-01 1.064830167093188673e-01
3.245739721138116707e-01 1.061689150222023537e-01
3.114013096018083959e-01 1.057079403772493986e-01
2.982476144989497646e-01 1.050934379413952929e-01
2.851162842949146459e-01 1.043187973265072011e-01
2.720105526696384168e-01 1.033774393736425351e-01
2.589336728218239458e-01 1.022628238242746235e-01
2.458889581591838236e-01 1.009684562559751142e-01
2.328795171835229549e-01 9.948786187935688974e-02
2.199085358622214492e-01 9.781461029429279475e-02
2.069791724795083387e-01 9.594230656206223506e-02
1.940944294863790054e-01 9.386456867936741888e-02
1.812573586830807659e-01 9.157505392390363763e-02
1.684709563284611800e-01 8.906744244123018794e-02
1.557451416781665265e-01 8.633605040982854362e-02
1.431132429512581850e-01 8.336857193771825270e-02
1.305913580415227482e-01 8.014111185491547273e-02
1.181923155805077175e-01 7.662947136893318023e-02
1.059286950817035361e-01 7.280995777207699415e-02
9.381252527924650864e-02 6.865926347280540409e-02
8.185524896896839708e-02 6.415438532217246359e-02
7.006729954341453515e-02 5.927235152148726399e-02
5.845855833049246053e-02 5.399023972966265905e-02
4.707248611196183236e-02 4.830001150585377240e-02
3.636326705545483984e-02 4.228617393554263276e-02
2.666317111653665473e-02 3.585044566186167125e-02
1.813950479214775785e-02 2.888083953278213281e-02
1.087033605608716397e-02 2.126932470507316569e-02
4.873565650702112693e-03 1.286563851217365287e-02
6.247789783861016147e-04 4.408648640335156681e-03
-6.993103504466255740e-05 -1.350215317823277340e-05
1.553915444723521361e-03 -4.333934522544330946e-03
6.020980832258145642e-03 -9.639128142633511184e-03
1.350928694208681363e-02 -1.474125119609094592e-02
2.416753330041107248e-02 -2.003154887504507084e-02
3.540192729159327006e-02 -2.465484684376805999e-02
4.701884710026960068e-02 -2.862907446272241682e-02
5.900734758163173749e-02 -3.206692389343191590e-02
7.134610377069003362e-02 -3.508886609747682850e-02
8.398451839405181307e-02 -3.782155280379344980e-02
9.673984562486838412e-02 -4.031619469822998042e-02
1.095706864554369525e-01 -4.258590406263441236e-02
1.224720044304634936e-01 -4.464769280549483327e-02
1.354388402975574002e-01 -4.651883770441687938e-02
1.484613307696684148e-01 -4.821564023101231750e-02
1.615117425260865214e-01 -4.974193309768506349e-02
1.745831286979959152e-01 -5.109543930887300994e-02
1.876716973890860118e-01 -5.227401652726892944e-02
2.007736838323114781e-01 -5.327553555146258973e-02
2.138852978479473810e-01 -5.409787599240934580e-02
2.270027797563046734e-01 -5.473893087144938996e-02
2.401223808543289928e-01 -5.519660449675130309e-02
2.532403237522071748e-01 -5.546881170852964449e-02
2.663528892304575790e-01 -5.555348046934914519e-02
2.794563467712143923e-01 -5.544854938345891021e-02
2.925469469558242275e-01 -5.515196939412850968e-02
3.056218220183544165e-01 -5.466170774865637683e-02
3.186934725598083440e-01 -5.397942278569788782e-02
3.317686802808134106e-01 -5.311518267025595180e-02
3.448483832279468086e-01 -5.208028182189992916e-02
3.579336871945433818e-01 -5.088609085160784168e-02
3.710255413378858447e-01 -4.954408425684989764e-02
3.841248212181777033e-01 -4.806584160809636991e-02
3.972326165031877521e-01 -4.646301613388904156e-02
4.103496600516265413e-01 -4.474740399974730387e-02
4.234769737712125726e-01 -4.293086825634503945e-02
4.366154027183435371e-01 -4.102539833136926301e-02
4.497658514093850757e-01 -3.904308050085183307e-02
4.629292874095354837e-01 -3.699609634341254755e-02
4.761065424940602031e-01 -3.489675443561931351e-02
4.892986901813364820e-01 -3.275743157348275786e-02
5.025065357763367491e-01 -3.059065489102888447e-02
5.157310342796683766e-01 -2.840903550869140759e-02
5.289524609427832536e-01 -2.622869587222554505e-02
5.421550514581802149e-01 -2.406509579068343355e-02
5.553402136928280441e-01 -2.193074997355331374e-02
5.685177752932694117e-01 -1.983411436647886453e-02
5.816932792995996859e-01 -1.777817826611959723e-02
5.948673587215517200e-01 -1.576583762033411523e-02
6.080407184959155664e-01 -1.379997112213737255e-02
6.212140071582653578e-01 -1.188345996842249397e-02
6.343879142415563832e-01 -1.001917324405987055e-02
6.475631063139725141e-01 -8.209977444787523032e-03
6.607402563602787771e-01 -6.458732211298771897e-03
6.739200514710114165e-01 -4.768289558772731418e-03
6.871031471224777754e-01 -3.141499818180806813e-03
7.002902533486193848e-01 -1.581200943626912122e-03
7.134820073836797283e-01 -9.023406797258612735e-05
7.266791351401150623e-01 1.328575291685875348e-03
7.398822832138688410e-01 2.672398039135817725e-03
7.530921645280070909e-01 3.938417217635815232e-03
7.663094529314324888e-01 5.123816783204202668e-03
7.795306070207936866e-01 6.224759468242196600e-03
7.927457151003738378e-01 7.231477904909332406e-03
8.059524222123000126e-01 8.132304932878014342e-03
8.191490331842891104e-01 8.915703168196304623e-03
8.323335854942973677e-01 9.570213083421038464e-03
8.455043584419374980e-01 1.008448418867414521e-02
8.586595665725015314e-01 1.044725594796866615e-02
8.717973524269221341e-01 1.064736184363214953e-02
8.849161246748592502e-01 1.067373337823677819e-02
8.980141324955628335e-01 1.051539055519843009e-02
9.110897524095604716e-01 1.016144357550787664e-02
9.241415085652928685e-01 9.601082398309191551e-03
9.371677077331579397e-01 8.823589030624311852e-03
9.501077891110163431e-01 7.811655096866435694e-03
9.628774928604957317e-01 6.499997345894334422e-03
9.754591324482435599e-01 4.808512802760771948e-03
9.878382839909637392e-01 2.662047279758483157e-03
1.000004073605227140e+00 -1.051012481804247573e-05
