
9.998814797608931437e-01 -3.560736062997943235e-04
9.878702471184914735e-01 4.648636879924312494e-03
9.757543697072460498e-01 9.416154585795219120e-03
9.635385680027271915e-01 1.396148810595326285e-02
9.512275991406874409e-01 1.829977927150063660e-02
9.388266395800823894e-01 2.244618818005503919e-02
9.263409878861502689e-01 2.641602510168925694e-02
9.137758441687570121e-01 3.022482580823099632e-02
9.011368982013170381e-01 3.388817943605752780e-02
8.884297727360681574e-01 3.742191103069397728e-02
8.756600830475592678e-01 4.084206055623354481e-02
8.628338611124867219e-01 4.416477479218181013e-02
8.499568016560784534e-01 4.740651054508386586e-02
8.370350566996270780e-01 5.058383014937342659e-02
8.240792438319597402e-01 5.371182205676222621e-02
8.111138330817365683e-01 5.679166277872348817e-02
7.981416109787038415e-01 5.982074045722448469e-02
7.851623338681795738e-01 6.279689465136603643e-02
7.721757336826537976e-01 6.571797388989021604e-02
7.591815809789882463e-01 6.858182136699456088e-02
7.461795941941357091e-01 7.138629518573198773e-02
7.331695536765007182e-01 7.412924333868135818e-02
7.201511745852727797e-01 7.680853106220192350e-02
7.071242260882858455e-01 7.942201556227107551e-02
6.940884389671491128e-01 8.196756520534073664e-02
6.810435635651073127e-01 8.444304763266823055e-02
6.679893468330944106e-01 8.684633444031164551e-02
6.549255187676349399e-01 8.917530344530361086e-02
6.418518429241705237e-01 9.142782960493230082e-02
6.287680315067678549e-01 9.360179985838427974e-02
6.156738529420757722e-01 9.569509464455297487e-02
6.025690187149426169e-01 9.770560665339143858e-02
5.894532790505412345e-01 9.963122521017744870e-02
5.763263629790017495e-01 1.014698457123648506e-01
5.631879952074750895e-01 1.032193666854347852e-01
5.500379223057476619e-01 1.048776863707951285e-01
5.368758462888644223e-01 1.064427111198944509e-01
5.237015192860424717e-01 1.079123435078994803e-01
5.105149816211754787e-01 1.092844339146246124e-01
4.973198651885071819e-01 1.105553917553870752e-01
4.841188851816577432e-01 1.117202871515056289e-01
4.709140274849570318e-01 1.127741805286164301e-01
4.577073654774700961e-01 1.137121438983534488e-01
4.445008391546620419e-01 1.145292779641419179e-01
4.312964936303644303e-01 1.152206950805636509e-01
4.180963059395491066e-01 1.157815313251860795e-01
4.049022375907683768e-01 1.162069422565828319e-01
3.917163237709936352e-01 1.164921011476391377e-01
3.785404596792363296e-01 1.166322046737509055e-01
3.653766305671937720e-01 1.166224671469796026e-01
3.522267722424100023e-01 1.164581236438459177e-01
3.390927664843341738e-01 1.161344275307543278e-01
3.259765742093704288e-01 1.156466533972842908e-01
3.128800287134526070e-01 1.149900909233620289e-01
2.998049862540070887e-01 1.141600475760551903e-01
2.867533397004168316e-01 1.131518516460185836e-01
2.737268401985752386e-01 1.119608377031463958e-01
2.607272952674993260e-01 1.105823591876431145e-01
2.477564923054608181e-01 1.090117829057221932e-01
2.348161161608621483e-01 1.072444758621279443e-01
2.219078930230528046e-01 1.052758203525351599e-01
2.090335053563415479e-01 1.031012021491043151e-01
1.961945546634405457e-01 1.007159995632014998e-01
1.833926691674673259e-01 9.811559900333488571e-02
1.706295012381595089e-01 9.529539626878917591e-02
1.579267329047381874e-01 9.225182660701579385e-02
1.453215168438191651e-01 8.896931579865471895e-02
1.328354709870157579e-01 8.542499639356150587e-02
1.204891916432255933e-01 8.159643678704674163e-02
1.083029678010680452e-01 7.746182880763004264e-02
9.629644565265342571e-02 7.299988731604449554e-02
8.448864331728074550e-02 6.818983191838108582e-02
7.289732676631319186e-02 6.301106426184299725e-02
6.153952405201647269e-02 5.744324898098476795e-02
5.046898578812045871e-02 5.148236033795746541e-02
3.994258736820533590e-02 4.515459039986552403e-02
3.010583931864563301e-02 3.837000671303048699e-02
2.104952956722205837e-02 3.103174939248153769e-02
1.283880956429243013e-02 2.304383870440253682e-02
5.938486775743662648e-03 1.473100444196111074e-02
1.630074791204780315e-03 6.932684469521542027e-03
2.499845312890454428e-04 7.230995165642302436e-04
1.093244212168915409e-03 -3.892412918393674953e-03
3.789764264834940156e-03 -7.908334837505706649e-03
9.825743094489362145e-03 -1.201007521822921795e-02
2.004546907644643924e-02 -1.624488601414502201e-02
3.149672184991117452e-02 -1.976353627207949604e-02
4.366559701379898323e-02 -2.287424941236127982e-02
5.611307603026391422e-02 -2.557494659280601726e-02
6.873854808071007405e-02 -2.791350816351380326e-02
8.152737634213855222e-02 -2.995134436002131612e-02
9.446648674785744493e-02 -3.175348890833389059e-02
1.075380523838019436e-01 -3.338779429422516348e-02
1.206581743401860668e-01 -3.489436964766236271e-02
1.337955519164249207e-01 -3.627830764789252010e-02
1.469496126739120723e-01 -3.754388597372732700e-02
1.601197555915238047e-01 -3.869539068708584967e-02
1.733053283882939610e-01 -3.973711591386956676e-02
1.865057697746258514e-01 -4.067337550972815324e-02
1.997203789585903499e-01 -4.150848585925463047e-02
2.129485582150924539e-01 -4.224678384130434866e-02
2.261896400718110545e-01 -4.289261524192942987e-02
2.394429655337167451e-01 -4.345034022537697799e-02
2.527079037253655569e-01 -4.392433364171295651e-02
2.659827843466162078e-01 -4.431888808115125311e-02
2.792538160268767666e-01 -4.463368864971011679e-02
2.925156897831752145e-01 -4.486186399116976614e-02
3.057670903238438598e-01 -4.499608530652408900e-02
3.190068239942973061e-01 -4.502906437294756231e-02
3.322336753372873708e-01 -4.495355048419515803e-02
3.454463788415518266e-01 -4.476233200744593466e-02
3.586438169101812123e-01 -4.444823332343400546e-02
3.718247195711447683e-01 -4.400411950313953130e-02
3.849879830092627353e-01 -4.342288845915582424e-02
3.981324618738382726e-01 -4.269747486518672697e-02
4.112608226685451895e-01 -4.182106943701135310e-02
4.243873709865776389e-01 -4.079327211014611293e-02
4.375130654178158163e-01 -3.962013013094456415e-02
4.506369997449758413e-01 -3.830798817635318321e-02
4.637582441734424132e-01 -3.686322386554539282e-02
4.768759691255876065e-01 -3.529223322832110432e-02
4.899891657934246636e-01 -3.360146317229263657e-02
5.030970001902965727e-01 -3.179736903270717618e-02
5.162075171316766742e-01 -2.988699399683853591e-02
5.293318007640798184e-01 -2.788473650526821293e-02
5.424729013946391065e-01 -2.580837271404740063e-02
5.556334840345484860e-01 -2.367596935768579922e-02
5.688167309029263929e-01 -2.150574502557045520e-02
5.820238350612606526e-01 -1.931648551339297873e-02
5.952208111691440484e-01 -1.713301088695096119e-02
6.083932641661848884e-01 -1.497682402808329753e-02
6.215527472750287385e-01 -1.286295006571720051e-02
6.347109741161131025e-01 -1.079728016812829192e-02
6.478684742255593765e-01 -8.784950164827992972e-03
6.610257849436601552e-01 -6.831076342558733278e-03
6.741833989303377406e-01 -4.940763400963589513e-03
6.873418153581295487e-01 -3.119096524249316722e-03
7.005015681485762258e-01 -1.371137967421974047e-03
7.136631153014098006e-01 2.980580777379934765e-04
7.268270313526562498e-01 1.883470276258835839e-03
7.399937580817123051e-01 3.380078671323551772e-03
7.531638731831231670e-01 4.782896764109905580e-03
7.663378656216169871e-01 6.086944985455384344e-03
7.795162664314410073e-01 7.287265224018424706e-03
7.926996364741146772e-01 8.378917967727276400e-03
8.058884594810957758e-01 9.356973249138251028e-03
8.190832125144618114e-01 1.021651737265662566e-02
8.322699370546919884e-01 1.094865671905724189e-02
8.454340047483636100e-01 1.153426948209698710e-02
8.585707944990941254e-01 1.195299819479931844e-02
8.716753667623984292e-01 1.218478660389655729e-02
8.847434136946782379e-01 1.220990326276689963e-02
8.977704553529937126e-01 1.200891401205739922e-02
9.107519146233142848e-01 1.156269714320847658e-02
9.236838853545901173e-01 1.085240904403244472e-02
9.365624356280570773e-01 9.859477805670965878e-03
9.493838032721655384e-01 8.565583694691510791e-03
9.621446073967849788e-01 6.952608532965359224e-03
9.748419165018830101e-01 5.002570603284709101e-03
9.874730469273125255e-01 2.697591995496632228e-03
1.000035694521548058e+00 1.981680931739146598e-05
