
1.000008219835184953e+00 -7.842675692534954474e-06
9.880613137533333923e-01 4.717676568814802192e-03
9.760229560466419096e-01 9.198863259748578380e-03
9.638966105912388782e-01 1.344563916223878546e-02
9.516857395252888985e-01 1.746796907582409339e-02
9.393941190842115541e-01 2.127576945795119426e-02
9.270255631140982278e-01 2.487901846435347508e-02
9.145838234437159153e-01 2.828778610589265802e-02
9.020730156344668460e-01 3.151212345331154407e-02
8.894971868200547416e-01 3.456219254069170521e-02
8.768603937191843389e-01 3.744824257203304557e-02
8.641669829671472236e-01 4.018055130324963559e-02
8.514211236520743409e-01 4.276953393953084048e-02
8.386272046102042355e-01 4.522565688368676562e-02
8.257896264784657658e-01 4.755948486180225365e-02
8.129127144606516087e-01 4.978169417349484482e-02
8.000010687704789403e-01 5.190301198184951725e-02
7.870670703585463945e-01 5.393111071111447025e-02
7.741206538343775589e-01 5.586647623251844719e-02
7.611623346684308622e-01 5.770919969239945296e-02
7.481926236824381071e-01 5.945937300725722546e-02
7.352120310144576454e-01 6.111708820085898219e-02
7.222210667655551974e-01 6.268243730229804134e-02
7.092202424969379360e-01 6.415551217884300772e-02
6.962100675787639137e-01 6.553640496111851066e-02
6.831910547762481967e-01 6.682520743002171026e-02
6.701637133513376199e-01 6.802201174534296124e-02
6.571285563068964830e-01 6.912690973108273629e-02
6.440860939736753332e-01 7.013999348194815964e-02
6.310368386090448034e-01 7.106135495853189987e-02
6.179813019179464240e-01 7.189108620247250392e-02
6.049199954161077475e-01 7.262927929596336984e-02
5.918501653019386799e-01 7.327662400633699891e-02
5.787600443536808914e-01 7.384019110008187281e-02
5.656490297154942448e-01 7.433083374399432341e-02
5.525174282893721145e-01 7.475953632169207719e-02
5.393659139932109881e-01 7.513735683662972620e-02
5.261948302429608759e-01 7.547545108829313565e-02
5.130048272440191903e-01 7.578505452801494180e-02
4.997964150633643632e-01 7.607749547663279766e-02
4.865913354302267568e-01 7.635894922217670300e-02
4.734101480747886503e-01 7.661747902727247816e-02
4.602531106883056000e-01 7.683739771501481297e-02
4.471207478637514443e-01 7.700318408136322401e-02
4.340132784583916048e-01 7.709949007782600228e-02
4.209311451361932854e-01 7.711113162537870658e-02
4.078746476817062816e-01 7.702309043138734490e-02
3.948412902902984079e-01 7.682068231823210858e-02
3.818067111494409804e-01 7.649776938146632399e-02
3.687646929781018823e-01 7.606010193810248954e-02
3.557151781576260441e-01 7.551434433677572944e-02
3.426583122645207036e-01 7.486720057681041374e-02
3.295940953464183143e-01 7.412540118009677825e-02
3.165226273762720699e-01 7.329571461316179704e-02
3.034439766649296710e-01 7.238494120100767704e-02
2.903582013147794072e-01 7.139991393659041174e-02
2.772654208336279291e-01 7.034750431940262061e-02
2.641656563815168446e-01 6.923460998656276455e-02
2.510590751839575918e-01 6.806817495257933004e-02
2.379636810248945411e-01 6.685332005317097537e-02
2.249054919737978608e-01 6.557821439034688948e-02
2.118887037237817128e-01 6.422363300691322219e-02
1.989165649361560873e-01 6.277052990132452048e-02
1.859927948788719920e-01 6.120017981156301162e-02
1.731207305862444146e-01 5.949408264541100611e-02
1.603036874614146012e-01 5.763399600599235922e-02
1.475450998773461253e-01 5.560195553019428583e-02
1.348478685059981141e-01 5.338016429299746735e-02
1.222150646227855436e-01 5.095108868117961820e-02
1.096495394161958598e-01 4.829738361094310095e-02
9.715375761995004300e-02 4.540182723160979261e-02
8.473016340881112107e-02 4.224736951760122566e-02
7.238151149711591348e-02 3.881719946153985856e-02
6.014271767527719359e-02 3.510123650070829521e-02
4.809429258636575832e-02 3.109759877007856055e-02
3.631839787074684495e-02 2.680593139716424406e-02
2.491048893247236468e-02 2.223395800029364863e-02
1.517196351602186945e-02 1.753135315523837723e-02
5.853694787602363100e-03 1.079731466823159215e-02
9.356307197221453917e-04 5.056477533536561479e-03
-9.258256559862600155e-05 2.228872315484332900e-03
2.583559474299192832e-05 4.771447730933171035e-04
9.123132779532890655e-04 -1.103850131646319250e-03
3.934464422203910218e-03 -3.344450495160643504e-03
1.231405236943161619e-02 -6.038670148890479261e-03
2.239905466780228380e-02 -6.955416982982965714e-03
3.460260567920356300e-02 -6.776942052996950787e-03
4.729504885641452883e-02 -6.208505545098059152e-03
6.014816585961067774e-02 -5.358488485715946423e-03
7.307904274495434505e-02 -4.304297248438661468e-03
8.609620301186272917e-02 -3.108759907404072455e-03
9.920941063345291300e-02 -1.837663605313445648e-03
1.123584742083300753e-01 -5.569595732694751760e-04
1.255063889775206720e-01 7.147080937183365734e-04
1.386534647550352328e-01 1.976101147070178591e-03
1.517997936630765266e-01 3.225963538904417713e-03
1.649454856521332669e-01 4.463042022482905692e-03
1.780906334437472871e-01 5.686082818230311052e-03
1.912353462410307792e-01 6.893834784419045937e-03
2.043797170597527746e-01 8.085046376951086911e-03
2.175238547299609970e-01 9.258468587261930657e-03
2.306678522633466843e-01 1.041285207557533961e-02
2.438118184965410440e-01 1.154694999208333295e-02
2.569558461457348564e-01 1.265951517221148778e-02
2.701000444389148880e-01 1.374930294671105821e-02
2.832445055124632738e-01 1.481506829943068232e-02
2.963893393752090599e-01 1.585556875839289753e-02
3.095347584955180920e-01 1.686959165100847258e-02
3.226810995890723732e-01 1.785613129439188318e-02
3.358283015326028464e-01 1.881425975183770999e-02
3.489762995190734407e-01 1.974305045327887087e-02
3.621250110620873874e-01 2.064157616304447551e-02
3.752743726573505301e-01 2.150891156163273893e-02
3.884243006170430834e-01 2.234413057880682563e-02
4.015747329690131928e-01 2.314630914720982452e-02
4.147255846783590161e-01 2.391452236931915221e-02
4.278767955372089760e-01 2.464784742639736931e-02
4.410282790205870551e-01 2.534536060358360057e-02
4.541799769192250702e-01 2.600614032143639884e-02
4.673318010783594767e-01 2.662926406035916529e-02
4.804836948435420863e-01 2.721381143518743911e-02
4.936355703332062084e-01 2.775886122437581927e-02
5.067873701860347024e-01 2.826349411786537730e-02
5.199390087204436295e-01 2.872679026476220032e-02
5.330904266328307939e-01 2.914783138547601127e-02
5.462415410556010764e-01 2.952569899248514221e-02
5.593922906060302402e-01 2.985947584794036713e-02
5.725425954796371508e-01 3.014824479346241148e-02
5.856923920828864816e-01 3.039108964655700199e-02
5.988416039219333076e-01 3.058709453388995178e-02
6.119901650672756599e-01 3.073534434409318922e-02
6.251380025797694806e-01 3.083492443422733084e-02
6.382850480768909041e-01 3.088492078172414002e-02
6.514312324126789733e-01 3.088441990821528399e-02
6.645764846443836804e-01 3.083250889917049653e-02
6.777207396497290093e-01 3.072827536326228418e-02
6.908639238303123653e-01 3.057080751436697108e-02
7.040058149679870869e-01 3.035918676184119411e-02
7.171438259767763945e-01 3.009179739039670454e-02
7.302765580264671819e-01 2.976577338861310928e-02
7.434032955018794464e-01 2.937812673045999898e-02
7.565234140005079322e-01 2.892587342943846868e-02
7.696361955766010121e-01 2.840603908590000337e-02
7.827410169855771871e-01 2.781565240150797938e-02
7.958371769342498236e-01 2.715175186926723980e-02
8.089240385804103983e-01 2.641137956341416820e-02
8.220009250295565728e-01 2.559158614019327663e-02
8.350671848028001776e-01 2.468942738379468690e-02
8.481221686390549852e-01 2.370196526962466826e-02
8.611652095272579466e-01 2.262626963150629264e-02
8.741956890299630301e-01 2.145941264841373999e-02
8.872129239080426277e-01 2.019847851925324345e-02
9.002161317599211010e-01 1.884056958837491275e-02
9.131567024738527216e-01 1.737795728486519337e-02
9.259824776483993602e-01 1.576609610926948263e-02
9.386829730941079752e-01 1.394920908215799629e-02
9.512477928310486552e-01 1.187396505992938979e-02
9.636687102146406225e-01 9.488994159906472339e-03
9.759380970281985590e-01 6.744887308147054505e-03
9.880498955839329689e-01 3.593725284708514881e-03
9.999998598525342564e-01 -1.142821265506513850e-05
