
9.999953418271105843e-01 -3.625705850678070068e-05
9.875140552391173943e-01 3.968807776341860133e-03
9.749700793591448145e-01 7.808198847618487252e-03
9.623662286607050920e-01 1.149334401164385684e-02
9.497052870083438902e-01 1.503577169401877113e-02
9.369903685339605603e-01 1.844701630034500245e-02
9.242244360624182198e-01 2.173875904258662159e-02
9.114105584931868620e-01 2.492275791704500615e-02
8.985519777037371814e-01 2.801083755083712615e-02
8.856517105402356149e-01 3.101498725028766293e-02
8.727131361611675242e-01 3.394722253711127818e-02
8.597394277393438644e-01 3.681972042914326976e-02
8.467338852375827507e-01 3.964474288603826724e-02
8.336998653616481958e-01 4.243465489943028246e-02
8.206413807811290262e-01 4.520175789592316418e-02
8.075759960334797372e-01 4.795066760390970240e-02
7.945100233734269102e-01 5.067887269594805594e-02
7.814431068451189732e-01 5.338418200199422647e-02
7.683749562601547289e-01 5.606439409354702780e-02
7.553052216031783672e-01 5.871732329411868956e-02
7.422336026515394813e-01 6.134077714713120216e-02
7.291597649140881821e-01 6.393257354703389683e-02
7.160833939631694456e-01 6.649052974682752304e-02
7.030041716605928137e-01 6.901246716288400584e-02
6.899217680747702364e-01 7.149621283962050156e-02
6.768358822188593749e-01 7.393959171083806792e-02
6.637461680004208553e-01 7.634044051603851300e-02
6.506523403249498960e-01 7.869658811404363352e-02
6.375540464231053139e-01 8.100587900385243512e-02
6.244509906783427544e-01 8.326615076248958247e-02
6.113428392404735012e-01 8.547525101232633649e-02
5.982292762833343325e-01 8.763102750745718761e-02
5.851099875179477383e-01 8.973133108923739276e-02
5.719846355322363296e-01 9.177401948877006443e-02
5.588529261491786970e-01 9.375694690686754706e-02
5.457145068699410517e-01 9.567797961603348444e-02
5.325690805673932715e-01 9.753497873786111383e-02
5.194163056499538911e-01 9.932581493566275399e-02
5.062558632287328386e-01 1.010483586251172822e-01
4.930876532781574562e-01 1.027004467565838380e-01
4.799164059057377529e-01 1.042778919971463214e-01
4.667449802782737134e-01 1.057738147149228092e-01
4.535739587488178404e-01 1.071812859152085767e-01
4.404040840049401884e-01 1.084933920684843650e-01
4.272360172205373896e-01 1.097032623692661552e-01
4.140703968605269347e-01 1.108040610481914462e-01
4.009079774705336385e-01 1.117889766455665845e-01
3.877493236436027613e-01 1.126512460952047989e-01
3.745951270162827806e-01 1.133841296873360216e-01
3.614460296696077601e-01 1.139809244910031244e-01
3.483025968260113903e-01 1.144349626966592870e-01
3.351654980875868328e-01 1.147396040816367480e-01
3.220352647690628012e-01 1.148882433030045253e-01
3.089124365062124733e-01 1.148743025046572858e-01
2.958036414165159944e-01 1.146901880443893934e-01
2.827183728699165233e-01 1.143241059901065199e-01
2.696619250118561517e-01 1.137633032191644050e-01
2.566396870026502186e-01 1.129951719651685477e-01
2.436566598963176844e-01 1.120072223822926732e-01
2.307178859302963514e-01 1.107870978362006653e-01
2.178283957933358772e-01 1.093225761748016223e-01
2.049929512302925416e-01 1.076015362352965854e-01
1.922161558968521755e-01 1.056119521535840433e-01
1.795025077850313233e-01 1.033418881424013336e-01
1.668564334238736013e-01 1.007794949283486452e-01
1.542821711796996120e-01 9.791297130225831702e-02
1.417997074660231338e-01 9.473176068355744495e-02
1.294408965438136883e-01 9.122089235692701359e-02
1.172324435087165329e-01 8.736343156692605305e-02
1.052003859090821225e-01 8.314296663134587706e-02
9.336976315263036119e-02 7.854348348655255940e-02
8.176482993383216158e-02 7.354940009240712451e-02
7.040881330318071729e-02 6.814541322631101350e-02
5.932382126234209130e-02 6.231634169112645200e-02
4.853300178784925034e-02 5.604826535428026474e-02
3.827129199343844851e-02 4.940960310730801303e-02
2.881048179513777049e-02 4.235627364619208579e-02
2.025105320558149777e-02 3.475073674838243670e-02
1.265482052331164640e-02 2.645437018105389199e-02
6.107339145867313711e-03 1.737116819960318401e-02
1.820906475768397292e-03 8.907752254685277760e-03
2.954436346434389810e-04 1.962124369300587493e-03
9.674776915815408483e-04 -4.099322210104001767e-03
3.667312709595398328e-03 -9.603191586710437683e-03
8.581371244680734839e-03 -1.422173155456703253e-02
1.778666041510831852e-02 -1.933361474859427928e-02
2.861543068249408628e-02 -2.400108134797765413e-02
3.989263600716669994e-02 -2.784415518862034394e-02
5.168610653239411740e-02 -3.105615462389898357e-02
6.387519867410862418e-02 -3.376438238431046790e-02
7.634529730114483770e-02 -3.602596233993202168e-02
8.905480492333427145e-02 -3.791067492432415031e-02
1.019593702367605492e-01 -3.949406742680236504e-02
1.149683030709224008e-01 -4.084342169635471476e-02
1.279916976498722547e-01 -4.197630056306967533e-02
1.410284682764937902e-01 -4.290118609127741706e-02
1.540788932082027551e-01 -4.362670715258126081e-02
1.671429904288808110e-01 -4.416150931695687898e-02
1.802208309097940719e-01 -4.451428223477583296e-02
1.933125452581839765e-01 -4.469375780220460198e-02
2.064179993634952803e-01 -4.470871003760887308e-02
2.195371599771854532e-01 -4.456796668796504657e-02
2.326700064033173643e-01 -4.428040671194779371e-02
2.458163173759881082e-01 -4.385496886462419280e-02
2.589760188467859492e-01 -4.330064623300894366e-02
2.721489343616053658e-01 -4.262649364502227312e-02
2.853348196812574566e-01 -4.184163058911955640e-02
2.985336196293777444e-01 -4.095522582811602502e-02
3.117449948702810114e-01 -3.997652762137562932e-02
3.249688147118630077e-01 -3.891483227111520310e-02
3.382048572730143587e-01 -3.777950443318982970e-02
3.514528754553963297e-01 -3.657997371792787861e-02
3.647127552755367041e-01 -3.532571996015020088e-02
3.779841736763792648e-01 -3.402630513512582694e-02
3.912670808545870571e-01 -3.269132758298733121e-02
4.045611562466064903e-01 -3.133047539556507721e-02
4.178616987660969673e-01 -2.995296494357128220e-02
4.311631986631195845e-01 -2.856346398843442533e-02
4.444659533091350756e-01 -2.716466856299361646e-02
4.577702887784848573e-01 -2.575927653162472797e-02
4.710765439542008437e-01 -2.434998940125248160e-02
4.843832756657443506e-01 -2.293970248736952253e-02
4.976850113186109259e-01 -2.153174038741950333e-02
5.109815454344183161e-01 -2.012886574490744054e-02
5.242732302062489413e-01 -1.873377710043418881e-02
5.375603739011071136e-01 -1.734917259915062099e-02
5.508433402988953675e-01 -1.597773959372530278e-02
5.641224235876017845e-01 -1.462216764575133797e-02
5.773979967505074029e-01 -1.328513325652416061e-02
5.906703506548656168e-01 -1.196931627765800837e-02
6.039398527727395383e-01 -1.067738393573610008e-02
6.172068062741085104e-01 -9.412004853171646035e-03
6.304715612380304979e-01 -8.175838167905926518e-03
6.437344384691194854e-01 -6.971540900287625728e-03
6.569957694398090853e-01 -5.801764148167995287e-03
6.702558944233382165e-01 -4.669153398733794785e-03
6.835151251611479850e-01 -3.576351707239767801e-03
6.967738232429743217e-01 -2.525993191166590619e-03
7.100322796631429734e-01 -1.520712809637659885e-03
7.232908684125087806e-01 -5.631343409919485100e-04
7.365498911094803258e-01 3.441177239276497178e-04
7.498097021312251087e-01 1.198427350664680409e-03
7.630706284068933254e-01 1.997181195982565029e-03
7.763330011895146487e-01 2.737770845642964555e-03
7.895971754335648907e-01 3.417593632289514603e-03
8.028634586939749074e-01 4.034048889388682640e-03
8.161322265367825235e-01 4.584543561876078602e-03
8.294037609363371644e-01 5.066484978660366727e-03
8.426704656654471215e-01 5.475437378653422518e-03
8.559218884260629823e-01 5.799867920060580023e-03
8.691555146981136959e-01 6.026666021051789619e-03
8.823690804538673049e-01 6.142847529658799349e-03
8.955600529312244262e-01 6.135547112137084216e-03
9.087262077188160703e-01 5.992022927167231505e-03
9.218652269550968725e-01 5.699652288657012719e-03
9.349746964720608844e-01 5.245937596139205704e-03
9.480525352011255347e-01 4.618490457442767094e-03
9.610965337729642233e-01 3.805041493283265689e-03
9.741044945511827535e-01 2.793437812747621117e-03
9.870745261030086093e-01 1.571612653958934539e-03
1.000004699499348781e+00 1.276004281849943899e-04
