
1.000045148761240732e+00 1.009582425436925866e-04
9.887594474797006816e-01 4.341297676454873057e-03
9.768230482614883581e-01 8.039510303979528760e-03
9.642604754265728939e-01 1.145402289468215595e-02
9.512891734827265688e-01 1.483107490078153928e-02
9.382824513294230062e-01 1.818714693682044192e-02
9.252564997275296577e-01 2.152995714866785121e-02
9.122170171707916220e-01 2.486953963572229032e-02
8.991903484421084336e-01 2.821069879446082979e-02
8.861846004771417595e-01 3.156286504259184222e-02
8.732024945204361899e-01 3.493676341442990274e-02
8.602464704226768788e-01 3.834310761149054697e-02
8.473150883756883633e-01 4.179312609043806664e-02
8.343836474269945569e-01 4.529321668357582514e-02
8.214443931848912639e-01 4.883370858630526473e-02
8.084942908793867344e-01 5.240303200781368242e-02
7.955299847070287367e-01 5.598960478372368155e-02
7.825639238743865578e-01 5.957737506015580581e-02
7.696120354619901960e-01 6.314932053428874703e-02
7.566711290570876658e-01 6.669380195144347656e-02
7.437381231118952440e-01 7.019925093378667769e-02
7.308097206370014476e-01 7.365425714159792858e-02
7.178828376657501176e-01 7.704745088993504576e-02
7.049542770065116981e-01 8.036758964373402758e-02
6.920209080822415926e-01 8.360350851701281449e-02
6.790783239287840889e-01 8.674483688633007061e-02
6.661237603380335548e-01 8.978266004217089202e-02
6.531573237140955168e-01 9.270793156794597534e-02
6.401788956058084290e-01 9.551171386643210470e-02
6.271885651094551983e-01 9.818508020072889975e-02
6.141862952938139664e-01 1.007191886179588936e-01
6.011720422324482449e-01 1.031052538647972278e-01
5.881458777156288731e-01 1.053345264038929585e-01
5.751076438456357298e-01 1.073983520481476550e-01
5.620565234722980641e-01 1.092882553059026512e-01
5.489774870710277810e-01 1.110024778206209067e-01
5.358659279592883351e-01 1.125469579765238232e-01
5.227239765625841805e-01 1.139277684347234781e-01
5.095539244084184016e-01 1.151509928467365218e-01
4.963585440437729424e-01 1.162226811585545944e-01
4.831485870639203872e-01 1.171456559504682193e-01
4.699296156237381950e-01 1.179184355806237178e-01
4.567039725930266969e-01 1.185393041330403963e-01
4.434739728111278256e-01 1.190065522926932046e-01
4.302419292423952379e-01 1.193184754712156292e-01
4.170101747424375671e-01 1.194733737914474431e-01
4.037809951136078213e-01 1.194695530936897843e-01
3.905567058414699533e-01 1.193053237577773734e-01
3.773396028603402397e-01 1.189790012331655988e-01
3.641319634944491512e-01 1.184889051319165665e-01
3.509360955692152895e-01 1.178333610609160476e-01
3.377542543600574043e-01 1.170106971011560942e-01
3.245887134305693311e-01 1.160192464976976534e-01
3.114417481322377390e-01 1.148573475261807503e-01
2.983155917445033389e-01 1.135233391362766298e-01
2.852125062082017659e-01 1.120155670166692458e-01
2.721347236355364796e-01 1.103323778582365883e-01
2.590844605797063549e-01 1.084721197039519858e-01
2.460639606435665039e-01 1.064331480700423799e-01
2.330754114207433114e-01 1.042138133256428068e-01
2.201210140321137876e-01 1.018124702984542357e-01
2.072029762324994751e-01 9.922747802985541765e-02
1.943234546550289543e-01 9.645718763808384943e-02
1.814846290714182686e-01 9.349995631712360034e-02
1.686886624951631497e-01 9.035413915092366244e-02
1.559376873850790712e-01 8.701808425379631284e-02
1.432357194015890234e-01 8.349058147410368114e-02
1.306243408748369306e-01 7.977059210207328166e-02
1.181374411830586890e-01 7.583527600175747618e-02
1.057963673828796608e-01 7.165689241177240765e-02
9.362162349082642221e-02 6.720838995003076966e-02
8.163287233351519678e-02 6.246336704996646033e-02
6.984910122275291011e-02 5.739608941126567165e-02
5.828836116623244828e-02 5.198131946746303161e-02
4.696771227434274470e-02 4.619417304013551800e-02
3.591679596942987801e-02 4.001710738670043871e-02
2.552506215241696214e-02 3.353658186092670079e-02
1.604354308071355428e-02 2.658763771204495155e-02
8.460201706325588822e-03 1.952931501579956500e-02
3.275688229253071512e-03 1.223724611907735065e-02
5.038565556348751414e-04 4.817173064464815545e-03
2.480315390810734115e-04 -1.686451556738367483e-03
2.231764297644333022e-03 -7.792931722452454101e-03
6.309926675222407057e-03 -1.313217907184772819e-02
1.336881798317354764e-02 -1.812257063513608366e-02
2.379530680856011340e-02 -2.310906295883248182e-02
3.522448383556291140e-02 -2.747348407257427585e-02
4.735429899372575746e-02 -3.149344993586885438e-02
5.967222653420205247e-02 -3.517846284792030404e-02
7.213861481822117505e-02 -3.854648883095807693e-02
8.474263787391346503e-02 -4.162464223272933916e-02
9.747307132641989946e-02 -4.444064512935035072e-02
1.103178987104353748e-01 -4.702278915493133399e-02
1.232645641493225197e-01 -4.940004317291922520e-02
1.363006245849999742e-01 -5.160218475930720278e-02
1.494115212853100172e-01 -5.365937536895861587e-02
1.625548177612673173e-01 -5.558837610842103788e-02
1.757137340050472785e-01 -5.738989488415474627e-02
1.888873541180222104e-01 -5.906459093943317029e-02
2.020747768001252831e-01 -6.061312559548721890e-02
2.152750886883727788e-01 -6.203615878323667093e-02
2.284873770710953156e-01 -6.333435079507426790e-02
2.417107347197822165e-01 -6.450836264084636174e-02
2.549442386128338844e-01 -6.555885418296072964e-02
2.681869811289154804e-01 -6.648648689628239294e-02
2.814380381069738757e-01 -6.729192133808489795e-02
2.946964921579136587e-01 -6.797581898761168029e-02
3.079614253221956699e-01 -6.853884163482824865e-02
3.212319087072840196e-01 -6.898165108735834772e-02
3.345070291496888282e-01 -6.930491017150866573e-02
3.477858518796771436e-01 -6.950928159607605572e-02
3.610674561709840136e-01 -6.959542896818529667e-02
3.743509134220167067e-01 -6.956401629446344603e-02
3.876352917149381572e-01 -6.941570823605736074e-02
4.009196684255492693e-01 -6.915116992412240204e-02
4.142031034758251740e-01 -6.877106741381566746e-02
4.274846723878908406e-01 -6.827606704399120929e-02
4.407634364207264621e-01 -6.766683623905211942e-02
4.540384623446286905e-01 -6.694404293830535924e-02
4.673088171903749810e-01 -6.610835569007143808e-02
4.805735581250508703e-01 -6.516044438542280270e-02
4.938317572508960640e-01 -6.410097856694355056e-02
5.070813435316841034e-01 -6.293060604326901342e-02
5.203152453533265165e-01 -6.164799558079701175e-02
5.335304778367080392e-01 -6.024925142181905557e-02
5.467248896416839754e-01 -5.873033685708917151e-02
5.598962859379326140e-01 -5.708723505713877988e-02
5.730425746957337196e-01 -5.531593122495545578e-02
5.861615739537120451e-01 -5.341243676280542363e-02
5.992511932331978652e-01 -5.137276517398777637e-02
6.123093260033906082e-01 -4.919294609142506325e-02
6.253338433082307191e-01 -4.686902771700919568e-02
6.383338920610170941e-01 -4.439655691530260129e-02
6.513438035635170653e-01 -4.178366616273318512e-02
6.643716129830684602e-01 -3.905426454544886489e-02
6.774232004267470852e-01 -3.623327093471750276e-02
6.905045919411710864e-01 -3.334604438199650911e-02
7.036164486491206516e-01 -3.041857627423971699e-02
7.167518079922382546e-01 -2.747386158649952129e-02
7.298718068664040715e-01 -2.454069395856733546e-02
7.429692416627443619e-01 -2.164063696931462291e-02
7.560474710183054947e-01 -1.879263208438461050e-02
7.691093427297199803e-01 -1.601547889799888325e-02
7.821581713736407426e-01 -1.332762688465977639e-02
7.951967232671703911e-01 -1.074739374922553496e-02
8.082281743157746501e-01 -8.292770975259780575e-03
8.212554441012140938e-01 -5.981563802342509777e-03
8.342814583153095320e-01 -3.831341357087442341e-03
8.473093917588183643e-01 -1.859407595969203228e-03
8.603417387005467543e-01 -8.297315642205894677e-05
8.733765323357377541e-01 1.479870032612353890e-03
8.864092032475245908e-01 2.810452292011760868e-03
8.994350802540330703e-01 3.890343376067158417e-03
9.124498820983184544e-01 4.701413990903730369e-03
9.254494559537906895e-01 5.225793010947138439e-03
9.384297341658678349e-01 5.445856486192963281e-03
9.513868574967362379e-01 5.344218225203744947e-03
9.643025011468140395e-01 4.903866056266318642e-03
9.768075719392498302e-01 4.036587944595595653e-03
9.887090788459580448e-01 2.492879320449528820e-03
1.000014168836590445e+00 5.101191802390450425e-05
