
9.999937902405986456e-01 1.818512505089215942e-04
9.870253121626049175e-01 1.723929754620569070e-03
9.740544489089574265e-01 3.274596992056996725e-03
9.610810549503266964e-01 4.832211139975799499e-03
9.481050184348276400e-01 6.395124417901998023e-03
9.351262061907203993e-01 7.961689670858812171e-03
9.221445088075878038e-01 9.530254943953308036e-03
9.091623409404403500e-01 1.109886148136238378e-02
8.961820436602688789e-01 1.266555944473266374e-02
8.832034853519441508e-01 1.422869959172845360e-02
8.702265630413739128e-01 1.578663116666510768e-02
8.572511257733271828e-01 1.733771110955488123e-02
8.442770701981388015e-01 1.888029258262343552e-02
8.313042532721446332e-01 2.041273540849439933e-02
8.183325605900797495e-01 2.193339792744595368e-02
8.053618633390026149e-01 2.344064210575188753e-02
7.923920334888729933e-01 2.493283172016024646e-02
7.794229570046025124e-01 2.640833086080615622e-02
7.664544915636651856e-01 2.786550874609008965e-02
7.534865384474842553e-01 2.930273159726020163e-02
7.405189477650134799e-01 3.071837325204808400e-02
7.275516144126544793e-01 3.211080450555078153e-02
7.145844032184739403e-01 3.347840133677276037e-02
7.016171935194203124e-01 3.481954004947081238e-02
6.886498667311717892e-01 3.613259866049779723e-02
6.756822854585780025e-01 3.741595896679640598e-02
6.627143481914755663e-01 3.866800110196833701e-02
6.497459024453183796e-01 3.988711204216009026e-02
6.367762506546280621e-01 4.107187366315043914e-02
6.238048639296167597e-01 4.222135844387554099e-02
6.108317839356963708e-01 4.333469818544286728e-02
5.978570557137611319e-01 4.441102495774455067e-02
5.848807118676466743e-01 4.544947239197843353e-02
5.719028071389345991e-01 4.644917288440830738e-02
5.589233689371575498e-01 4.740926151600664135e-02
5.459424465665277948e-01 4.832887222060091442e-02
5.329600773641870459e-01 4.920714036528248125e-02
5.199762999680666020e-01 5.004320172679471018e-02
5.069911617733198206e-01 5.083619206847764249e-02
4.940046926118223380e-01 5.158524876188674835e-02
4.810169437947809934e-01 5.228950843629753126e-02
4.680279457003463373e-01 5.294810942829857037e-02
4.550377416426703570e-01 5.356018987581893237e-02
4.420463723403373901e-01 5.412488859632443028e-02
4.290538696789961692e-01 5.464134527634915278e-02
4.160602847934494752e-01 5.510869934697495282e-02
4.030656431238173187e-01 5.552609170802689370e-02
3.900699907905951225e-01 5.589266301194327491e-02
3.770733625717865856e-01 5.620755478040593417e-02
3.640757930672489651e-01 5.646990897455170244e-02
3.510773362194734015e-01 5.667886771455318135e-02
3.380816279054830176e-01 5.683281943495909622e-02
3.250937059815340868e-01 5.692685305669833301e-02
3.121145539943509517e-01 5.695517765605824512e-02
2.991451521332042507e-01 5.691202681199880598e-02
2.861865287067883457e-01 5.679165934574269964e-02
2.732395933057353288e-01 5.658835784217275400e-02
2.603053725705584687e-01 5.629643095501423583e-02
2.473848065523039652e-01 5.591021079973293451e-02
2.344788230221542535e-01 5.542405298546028425e-02
2.215884516313367525e-01 5.483234185466134836e-02
2.087145501343220522e-01 5.412947885104954504e-02
1.958580627657436068e-01 5.330989264665215999e-02
1.830199435533894636e-01 5.236803712596897753e-02
1.702010297909795355e-01 5.129838083495336098e-02
1.574022327998345905e-01 5.009541988722861910e-02
1.446244313906339674e-01 4.875367004976039614e-02
1.318684234000505884e-01 4.726765898964572360e-02
1.191350627248253802e-01 4.563193973458255781e-02
1.064251564242516962e-01 4.384107866403194609e-02
9.373944092795116756e-02 4.188964848898825422e-02
8.107869105632566076e-02 3.977224208566057517e-02
6.850884553951173961e-02 3.748834869361678673e-02
5.638030289706975895e-02 3.496467977033042296e-02
4.479791408312776974e-02 3.200193753993212098e-02
3.380423111426819616e-02 2.842680181830337105e-02
2.341795438387000994e-02 2.409109449382007204e-02
1.363227820016721728e-02 1.885433649813272536e-02
6.315121771667323719e-03 1.358126601293405296e-02
2.031561710982535303e-03 8.003648793601474826e-03
2.594481214163315381e-04 2.542367188140871610e-03
6.401118400720398833e-04 -1.914659165026780848e-03
3.117680822974176931e-03 -6.498502484514476901e-03
7.791660878155561888e-03 -1.061853231485594684e-02
1.408937245434465670e-02 -1.323247134855552558e-02
2.369092279490834022e-02 -1.465863789939270134e-02
3.664120119897534139e-02 -1.570204103160752207e-02
4.961994329612039178e-02 -1.662521676495332459e-02
6.258284835001909352e-02 -1.744646858663008795e-02
7.554503825597147504e-02 -1.818906699737449922e-02
8.852085588437348662e-02 -1.887656495452215422e-02
1.015245472613061778e-01 -1.953286736662533662e-02
1.145442716446684744e-01 -2.017510554587465324e-02
1.275666057552076460e-01 -2.080429647755373604e-02
1.405913154422780975e-01 -2.141933383097911064e-02
1.536181853430560185e-01 -2.201911300022203061e-02
1.666469714426026538e-01 -2.260252889432373333e-02
1.796774634397010351e-01 -2.316847879146427189e-02
1.927094207864771258e-01 -2.371585946635613659e-02
2.057426243751676598e-01 -2.424356946418104730e-02
2.187768432244783234e-01 -2.475050766880319483e-02
2.318118477757036555e-01 -2.523557388256366524e-02
2.448474174132629910e-01 -2.569766907763980021e-02
2.578833118678442449e-01 -2.613569438136638390e-02
2.709193182603946704e-01 -2.654855270949357804e-02
2.839551942885539804e-01 -2.693514687138316363e-02
2.969907235663841183e-01 -2.729438134046936401e-02
3.100256724622176829e-01 -2.762516093412742749e-02
3.230598133010119666e-01 -2.792639151547534129e-02
3.360929240114271521e-01 -2.819697992346061402e-02
3.491247653478157242e-01 -2.843583351781230062e-02
3.621551241251561026e-01 -2.864186102572661291e-02
3.751837584708019868e-01 -2.881397156056188236e-02
3.882104521541109299e-01 -2.895107550230645310e-02
4.012349893773449749e-01 -2.905208421060509125e-02
4.142580710430433522e-01 -2.911613650716341276e-02
4.272802421104449078e-01 -2.914300734235365786e-02
4.403014632348903890e-01 -2.913258205525255315e-02
4.533216983602988970e-01 -2.908474598816963505e-02
4.663409083153907120e-01 -2.899938449053750256e-02
4.793590562721990467e-01 -2.887638290436718783e-02
4.923761043187943609e-01 -2.871562657762247520e-02
5.053920142836759721e-01 -2.851700086613176074e-02
5.184067496918939311e-01 -2.828039109895500933e-02
5.314202710499605908e-01 -2.800568265996960376e-02
5.444325426188262318e-01 -2.769276085930423917e-02
5.574435256450167575e-01 -2.734151107078611198e-02
5.704531830717841645e-01 -2.695181862828106151e-02
5.834614775652449126e-01 -2.652356886847363412e-02
5.964683707641451615e-01 -2.605664716296430400e-02
6.094738265369517016e-01 -2.555093880205176055e-02
6.224778058327606889e-01 -2.500632918469358063e-02
6.354802726428037118e-01 -2.442270358570821503e-02
6.484811888446341266e-01 -2.379994736470278371e-02
6.614805171449449350e-01 -2.313794584357878673e-02
6.744782207993395007e-01 -2.243658430949561217e-02
6.874742612606317138e-01 -2.169574814408353411e-02
7.004686397561651345e-01 -2.091532039393869877e-02
7.134658331322970559e-01 -2.009593770080543226e-02
7.264696908547174647e-01 -1.924184065050989212e-02
7.394803834046722590e-01 -1.835828273345334674e-02
7.524980721792916549e-01 -1.745053771209004873e-02
7.655228701910585798e-01 -1.652390266235359562e-02
7.785549926249462072e-01 -1.558368737780276188e-02
7.915945178992853659e-01 -1.463523151675295321e-02
8.046389756072334087e-01 -1.368408068995406734e-02
8.176764306292544360e-01 -1.273648153842321488e-02
8.307053985340810964e-01 -1.179790518032681167e-02
8.437260584631174343e-01 -1.087368133953825651e-02
8.567407767102906968e-01 -9.968721399694263630e-03
8.697613552174835450e-01 -9.082180950801028649e-03
8.827896552769959326e-01 -8.209114055146888786e-03
8.958257838482446278e-01 -7.344494227674880707e-03
9.088692681583928623e-01 -6.483315561509787363e-03
9.219099243268716881e-01 -5.621198444986695054e-03
9.349431031064074915e-01 -4.753403193316139801e-03
9.479688050204524430e-01 -3.874900568605354340e-03
9.609870931565509533e-01 -2.980674895058680815e-03
9.739980156939952449e-01 -2.065729073109368909e-03
9.870015934047663420e-01 -1.125085484749004669e-03
9.999979280388923142e-01 -1.537779839840430513e-04
