
1.000010481659040273e+00 4.556975036367504116e-06
9.871156600852357688e-01 3.703462246882387610e-03
9.742047992211683161e-01 7.345545440939340795e-03
9.612782150482067633e-01 1.093235478988600559e-02
9.483362684995392256e-01 1.446542749318657610e-02
9.353792823457011130e-01 1.794631286799984460e-02
9.224076154890402668e-01 2.137655204261782599e-02
9.094215969469464644e-01 2.475769576685044049e-02
8.964215838410316550e-01 2.809128905638517970e-02
8.834079108586250229e-01 3.137888441364798664e-02
8.703809336241536965e-01 3.462203068893936198e-02
8.573409918923006190e-01 3.782228242929577128e-02
8.442884401026374830e-01 4.098119225834174345e-02
8.312236224567941534e-01 4.410031703265238773e-02
8.181468925465303910e-01 4.718121308170476758e-02
8.050585983889614328e-01 5.022543981091570631e-02
7.919590930863281697e-01 5.323455718380916413e-02
7.788487278344491394e-01 5.621012737018230010e-02
7.657278556227204991e-01 5.915371389288173742e-02
7.525968301883099176e-01 6.206688188003102458e-02
7.394560048005297537e-01 6.495119833718238089e-02
7.263057351038064713e-01 6.780823152552971356e-02
7.131463750544529967e-01 7.063955185549436466e-02
6.999782907584329861e-01 7.344672893064868591e-02
6.868072408365100134e-01 7.622900283099047491e-02
6.736399968854969167e-01 7.897938925658050391e-02
6.604758084314624744e-01 8.169062844560309733e-02
6.473138261652022774e-01 8.435551684523041882e-02
6.341532357427904776e-01 8.696687973948538652e-02
6.209931836178110842e-01 8.951758597843083309e-02
6.078328865360432820e-01 9.200052640451535091e-02
5.946714716002733381e-01 9.440864432912457471e-02
5.815081924595173479e-01 9.673489507108798402e-02
5.683421406834250345e-01 9.897229787121085420e-02
5.551726115311765852e-01 1.011138717501882112e-01
5.419986708766764139e-01 1.031527082116656668e-01
5.288195782411838630e-01 1.050819014886778674e-01
5.156344429369823512e-01 1.068946021030557914e-01
5.024424455397206168e-01 1.085839823027858336e-01
4.892356100859189816e-01 1.101451840239797281e-01
4.759938703043382624e-01 1.115863499039118772e-01
4.627176305974700088e-01 1.129202139596552773e-01
4.494092294658237896e-01 1.141594975609351720e-01
4.360706521775838951e-01 1.153170746466147673e-01
4.227042678767473083e-01 1.164059034468317710e-01
4.093121426111101524e-01 1.174390879831696821e-01
3.958977877074584817e-01 1.184297097497575973e-01
3.825033383326386649e-01 1.193767911105708263e-01
3.691504280889461587e-01 1.202536200241190179e-01
3.558383360241714755e-01 1.210315752974002457e-01
3.425661821766456949e-01 1.216826063819485132e-01
3.293329760484494106e-01 1.221792120605134785e-01
3.161380836413649753e-01 1.224944113405821156e-01
3.029801286605397492e-01 1.226017571483990903e-01
2.898516974199608631e-01 1.224760907886042888e-01
2.767323224201855281e-01 1.221040020950539123e-01
2.636267171867414105e-01 1.214805288245321968e-01
2.505420964191902855e-01 1.206009450804840788e-01
2.374856176397173724e-01 1.194605675751043428e-01
2.244643266512619251e-01 1.180547474811812908e-01
2.114852720715724166e-01 1.163788788844950239e-01
1.985554533135265864e-01 1.144283948669997802e-01
1.856817182601767091e-01 1.121987476800796607e-01
1.728708954006339116e-01 1.096854233262378325e-01
1.601298017973475374e-01 1.068839452788885036e-01
1.474655057580704642e-01 1.037899416894680071e-01
1.349293568529790766e-01 1.004009823892748759e-01
1.225781953981053274e-01 9.668665913387584909e-02
1.104393065081385461e-01 9.260496794924978625e-02
9.853780521282669291e-02 8.811528644769781038e-02
8.689692074575774972e-02 8.317818650875319353e-02
7.553747357152799935e-02 7.775482105081132911e-02
6.449668819616972970e-02 7.181450744606575343e-02
5.387798561706457628e-02 6.535337992845338673e-02
4.378835992309961650e-02 5.837203688790568168e-02
3.432498680388483547e-02 5.087336019282073102e-02
2.557380533101937664e-02 4.286095389459148447e-02
1.745066819807369191e-02 3.418338862444404019e-02
9.326965597638436564e-03 2.415789902568001718e-02
3.077888959602814289e-03 1.453136588461286655e-02
2.441958810464317769e-04 6.963476663382769417e-03
-9.409860270967029122e-06 1.266744311457672790e-03
1.730505966576347844e-03 -3.855223044542267080e-03
5.924555902802870408e-03 -9.084234139807157229e-03
1.219524477767072561e-02 -1.315600446862154847e-02
1.957212755224854370e-02 -1.506367701143218434e-02
2.760098763102803929e-02 -1.472173737753200602e-02
3.627578112162226087e-02 -1.202006278872169709e-02
4.702411571093528114e-02 -6.699784527985495897e-03
5.798897703314742635e-02 -1.448184002683001971e-03
6.941130584596603981e-02 3.037623090014835141e-03
8.149152220429674298e-02 7.161510569705205158e-03
9.378962103418188312e-02 1.094318593443815470e-02
1.062121343433167359e-01 1.434998735148480115e-02
1.187365809148000911e-01 1.736733326248463341e-02
1.313405337394997208e-01 1.998101595886968979e-02
1.440017010983244972e-01 2.217723063861869875e-02
1.567255869828988457e-01 2.394934219963297181e-02
1.696286599803794315e-01 2.535948695248581297e-02
1.827251443538163156e-01 2.650579243711243677e-02
1.960110420234279782e-01 2.749307219569212951e-02
2.094253434945252401e-01 2.842136631212513129e-02
2.228219099123819325e-01 2.930592442739271553e-02
2.361923441269570545e-01 3.012704533512423899e-02
2.495367136696947929e-01 3.086543201498168770e-02
2.628545145969534147e-01 3.150200851765655452e-02
2.761458578528608321e-01 3.201798089615394416e-02
2.894103676964883687e-01 3.239477936323909013e-02
3.026501611035460337e-01 3.261421100609566970e-02
3.159091887079762961e-01 3.267166554031011860e-02
3.292071439690962276e-01 3.258821027483621569e-02
3.425439016107636458e-01 3.238813244495698102e-02
3.559199716077359188e-01 3.209613286391596598e-02
3.693351246185816450e-01 3.173735604266860605e-02
3.827898039537460106e-01 3.133737028863404356e-02
3.962750563964035910e-01 3.092247762566438518e-02
4.097504288576681586e-01 3.051730733525665970e-02
4.232402893789612430e-01 3.011945797731795105e-02
4.367141518902566966e-01 2.971553693624364584e-02
4.501650621175909417e-01 2.929144096987411003e-02
4.635921549275130449e-01 2.883302218701793568e-02
4.769949663175804266e-01 2.832625303203249387e-02
4.903726675524499035e-01 2.775725127017700591e-02
5.037264741843587856e-01 2.711227539586033228e-02
5.170795881754396417e-01 2.638434283273471612e-02
5.304405271780997522e-01 2.558002728319475408e-02
5.438098990233291019e-01 2.470753301133647023e-02
5.571882736433384498e-01 2.377511281356332537e-02
5.705762234762554730e-01 2.279106626004768696e-02
5.839743422419301222e-01 2.176373854671814420e-02
5.973831871548151984e-01 2.070152523932011074e-02
6.108033661480226639e-01 1.961286587193587089e-02
6.242354399097120865e-01 1.850625200756127187e-02
6.376799189082519304e-01 1.739022804118107654e-02
6.511240575470966796e-01 1.627448427497051736e-02
6.645564395062175667e-01 1.516859865285941425e-02
6.779776099154644076e-01 1.408110984474729779e-02
6.913881619024536684e-01 1.302050403577478636e-02
7.047895491552340630e-01 1.199508465684844503e-02
7.181909400344925754e-01 1.100929543040837962e-02
7.315947175433827887e-01 1.006354343018194680e-02
7.450007687063194828e-01 9.158084937961575092e-03
7.584089811710945650e-01 8.293176143476082771e-03
7.718192417012819107e-01 7.469073243830585615e-03
7.852314384032248462e-01 6.686032302972276346e-03
7.986454577684920508e-01 5.944309430938271230e-03
8.120611883816362120e-01 5.244160570719295054e-03
8.254785164513486206e-01 4.585841742742221248e-03
8.388973310598391020e-01 3.969608774462013087e-03
8.523175181223973107e-01 3.395717593997185126e-03
8.657389672380632062e-01 2.864423919296682670e-03
8.791615640186118963e-01 2.375983583324143243e-03
8.925851985987205417e-01 1.930652201173496414e-03
9.060097562770219604e-01 1.528685507668092356e-03
9.194351277421881630e-01 1.170339022328340190e-03
9.328611979706314949e-01 8.558683787252170660e-04
9.462878582228398949e-01 5.855290087240721348e-04
9.597149931445507764e-01 3.595764414194668030e-04
9.731424945852567010e-01 1.782660295806878651e-04
9.865702468522706825e-01 4.185319450712319742e-05
9.999981424005423003e-01 -4.940678092815106455e-05
