
9.999999993745347648e-01 1.000095225967701689e-03
9.878195598434933444e-01 4.162380570840899970e-03
9.754798274805535074e-01 6.977978523688142462e-03
9.629867421209021838e-01 9.503960893989381320e-03
9.503477063494806254e-01 1.179973855481955720e-02
9.375703870987853739e-01 1.392760071722163109e-02
9.246650210227878031e-01 1.595259135676489054e-02
9.116506772708843354e-01 1.794182860937041171e-02
8.986890171343502320e-01 1.994345168963620324e-02
8.857651446028912412e-01 2.201222898059660912e-02
8.728163299675884002e-01 2.414690687474645159e-02
8.598385442201241791e-01 2.632446796377408901e-02
8.468344703637395998e-01 2.852036740395341025e-02
8.338532382673411458e-01 3.070194768749367337e-02
8.209029608843152470e-01 3.284369330041281981e-02
8.079792825565345060e-01 3.492258652524000279e-02
7.950749897886136841e-01 3.691667796269159502e-02
7.821474075670348247e-01 3.882381324910888498e-02
7.691857503617262060e-01 4.065835532356754101e-02
7.561922659536656210e-01 4.243458622906482597e-02
7.431690956295677886e-01 4.416695544960958647e-02
7.301184415301822384e-01 4.587005778384452281e-02
7.170425617849253142e-01 4.755863646566804021e-02
7.039595907402002029e-01 4.924554059860862532e-02
6.908901404348544162e-01 5.094189230959946663e-02
6.778095858065952273e-01 5.264612219334748044e-02
6.647508618430052474e-01 5.433646898246043827e-02
6.517158137373169069e-01 5.599513055325891497e-02
6.387020303365774643e-01 5.760506981085758427e-02
6.257074822339060427e-01 5.914941045989706436e-02
6.127297204772220729e-01 6.061153153489826778e-02
5.997667068085794639e-01 6.197496506019900542e-02
5.867974772680227824e-01 6.322921339135514907e-02
5.738001352485938567e-01 6.438200430274217123e-02
5.607761576391445679e-01 6.544402369806971709e-02
5.477273539367540911e-01 6.642601294489633434e-02
5.346553450206330549e-01 6.733881409345603142e-02
5.215620522495293399e-01 6.819333470565075439e-02
5.084490750314188956e-01 6.900059159544053022e-02
4.953193114463881885e-01 6.977155541041861475e-02
4.821900634978168454e-01 7.051128512975479712e-02
4.690671715218400761e-01 7.121633980380920326e-02
4.559502605114383877e-01 7.188270020824388817e-02
4.428389031940201392e-01 7.250636135681703953e-02
4.297327027327596527e-01 7.308332808308751205e-02
4.166312520483034798e-01 7.360961706905592983e-02
4.035341278160762823e-01 7.408125678364813060e-02
3.904409453892094262e-01 7.449428542315619795e-02
3.773512502719152395e-01 7.484475436475587773e-02
3.642646821173444738e-01 7.512872319386046382e-02
3.511807622395324291e-01 7.534226494447643363e-02
3.380991212568976723e-01 7.548146093874910645e-02
3.250192930095324173e-01 7.554240414276348903e-02
3.119408693116826337e-01 7.552119681323161970e-02
2.988634964153749629e-01 7.541395211893120454e-02
2.858017904559343458e-01 7.521393465718684279e-02
2.727744028610596394e-01 7.490262849903731035e-02
2.597866948585675351e-01 7.445873432947294757e-02
2.468443938373783009e-01 7.386130977703705969e-02
2.339528631166646611e-01 7.308974723992629763e-02
2.211173504433031345e-01 7.212377380928343407e-02
2.083432857716575048e-01 7.094347582045791578e-02
1.956299670278318359e-01 6.952884619565628810e-02
1.828790608143703589e-01 6.787642711555089137e-02
1.700320542296016868e-01 6.604028263093408846e-02
1.570673214076342972e-01 6.408773657486321884e-02
1.440168960793393182e-01 6.209465306311719168e-02
1.312392513434633146e-01 6.005385520123284609e-02
1.188916128063658983e-01 5.776985779832165963e-02
1.070206303146208349e-01 5.505474504962629134e-02
9.559031764853723190e-02 5.173190750000113136e-02
8.365454667501059927e-02 4.761000471772337816e-02
7.165823101324536593e-02 4.349697578147933980e-02
5.945904152874986054e-02 3.956665571423872291e-02
4.862661897657212517e-02 3.550933335541130165e-02
3.828032057276140043e-02 3.052944695289826552e-02
2.726845509412245683e-02 2.447889975330202680e-02
1.655310118789594595e-02 1.837318036872347127e-02
7.517906212603890637e-03 1.183042321787718815e-02
2.163878724773966259e-03 5.846793895521396923e-03
4.956863677635279207e-04 1.824293298585611366e-03
5.614274063243963062e-04 -1.231071555409357860e-03
2.246485781824414125e-03 -4.775017836452386845e-03
6.943786617027823335e-03 -9.231150335682655750e-03
1.431048624542179126e-02 -1.276520409806778007e-02
2.365854150562621272e-02 -1.432825523323843706e-02
3.553074280037878119e-02 -1.475677765416341311e-02
4.769103763401046775e-02 -1.452983093833868332e-02
6.026405613366640768e-02 -1.393330882532748359e-02
7.244287162449214446e-02 -1.288584070528280001e-02
8.443735951872598233e-02 -1.113244797305176087e-02
9.711608225933365812e-02 -8.872879632844849623e-03
1.094724062973908840e-01 -6.929646335211766574e-03
1.220902050243190956e-01 -5.328783668295988991e-03
1.350030791018594356e-01 -3.916984616414868892e-03
1.480567368116608162e-01 -2.542636409368454961e-03
1.609766334331981796e-01 -1.079830894183203983e-03
1.739574629635696201e-01 4.972773377984432593e-04
1.870133577305123362e-01 2.135849711146854506e-03
2.000579101346920130e-01 3.768397468761339793e-03
2.130636473463697889e-01 5.343163318156074135e-03
2.260679211186308879e-01 6.849647353990364305e-03
2.390704302572627671e-01 8.280619435360132841e-03
2.520706479471127026e-01 9.628860137226438048e-03
2.650681926730186211e-01 1.088720248600888278e-02
2.780624948813402164e-01 1.204849820839866761e-02
2.910531889413141560e-01 1.310565532826076657e-02
3.040408434188899278e-01 1.405175199870354295e-02
3.170386001514856611e-01 1.488522525552366145e-02
3.300503343987117866e-01 1.561089603923966444e-02
3.430755956642170812e-01 1.623391641896367726e-02
3.561137824833452981e-01 1.675944982058320473e-02
3.691644209747854677e-01 1.719268491013895353e-02
3.822269302510152844e-01 1.753882575498723340e-02
3.953007735066227379e-01 1.780309798110568317e-02
4.083854119032389041e-01 1.799074686804349316e-02
4.214802478892441528e-01 1.810703711694633053e-02
4.345847818277864816e-01 1.815725457425828790e-02
4.476983723196001907e-01 1.814670462504827317e-02
4.608205344836067141e-01 1.808071321589612562e-02
4.739506230415173049e-01 1.796462708773231137e-02
4.870881287176966890e-01 1.780381259698915128e-02
5.002324203105862344e-01 1.760365778418546828e-02
5.133810200101932564e-01 1.736912573327644219e-02
5.265321704759783339e-01 1.710347455242386752e-02
5.396860699520173998e-01 1.680955404407894274e-02
5.528429169248778585e-01 1.649021966279975993e-02
5.660029040152467772e-01 1.614833270314253860e-02
5.791662384157567622e-01 1.578675979071820709e-02
5.923331041458289592e-01 1.540837391523945492e-02
6.055037155991762621e-01 1.501605296262438320e-02
6.186782502125407479e-01 1.461268168044570215e-02
6.318569279829465701e-01 1.420114932462018115e-02
6.450399217262862139e-01 1.378435242142510633e-02
6.582271739217112616e-01 1.336520067047749713e-02
6.714129174298402170e-01 1.294679003819372912e-02
6.845947400221752410e-01 1.253210799429129406e-02
6.977728698788854267e-01 1.212405238902301320e-02
7.109508252344409751e-01 1.172479338610066604e-02
7.241343934039634611e-01 1.133243446633936703e-02
7.373235551596415416e-01 1.094367142059163994e-02
7.505142667675843704e-01 1.055530749054425961e-02
7.637002337116756134e-01 1.016421078212627165e-02
7.768811593576842034e-01 9.767079476753029108e-03
7.900568024516443355e-01 9.360617734245417834e-03
8.032270202302563833e-01 8.941534232206820726e-03
8.163915659235180255e-01 8.506548436141014857e-03
8.295503019437752146e-01 8.052383754122847265e-03
8.427029809706357844e-01 7.575774786724866205e-03
8.558494629389993280e-01 7.073459802277243594e-03
8.689895100473840062e-01 6.542188134585279549e-03
8.821229716353615746e-01 5.978713133431455204e-03
8.952496242733707366e-01 5.379798554213991411e-03
9.083693048977408147e-01 4.742212892771381985e-03
9.214818073268719045e-01 4.062733983599046625e-03
9.345869544081644165e-01 3.338145576280112433e-03
9.476845601507730699e-01 2.565239116244229060e-03
9.607744317680126933e-01 1.740813752811442433e-03
9.738564064357625449e-01 8.616739195886914107e-04
9.869302743558062696e-01 -7.536565905550589653e-05
9.999958988330877041e-01 -1.073488367478331014e-03
