
1.000004753101602750e+00 1.455393479547227573e-05
9.875438638505842359e-01 4.520472578412251460e-03
9.750242602158437633e-01 8.911415426098140066e-03
9.624497983420007285e-01 1.319938580976902018e-02
9.498243985431673586e-01 1.739647967029235229e-02
9.371522083381841339e-01 2.151483677261590080e-02
9.244371459039437688e-01 2.556679277312653292e-02
9.116834723833896481e-01 2.956469513972300595e-02
8.988954756755153097e-01 3.352100705733533637e-02
8.860886176371309819e-01 3.744152120563529196e-02
8.732721206741920206e-01 4.132381649509465210e-02
8.604457903826285836e-01 4.516644431298501988e-02
8.476094032364710484e-01 4.896796628301085252e-02
8.347627733744125145e-01 5.272693432996436447e-02
8.219056756242673067e-01 5.644191345500943618e-02
8.090379161407892372e-01 6.011146099459402370e-02
7.961592831341313126e-01 6.373414097457932859e-02
7.832695692368185636e-01 6.730851759981749949e-02
7.703685764018822768e-01 7.083315400746467705e-02
7.574560833974838259e-01 7.430662113394170820e-02
7.445319053137602339e-01 7.772748159210587926e-02
7.315958144533535323e-01 8.109431087415398809e-02
7.186476177159852874e-01 8.440567677628171839e-02
7.056871018490676883e-01 8.766015379959808673e-02
6.927144475581210603e-01 9.085617064637731277e-02
6.797312064846896540e-01 9.399095881742354497e-02
6.667373665983521436e-01 9.706141425348942253e-02
6.537327521882190240e-01 1.000644578745435442e-01
6.407171085242128195e-01 1.029970357537750292e-01
6.276902363229668325e-01 1.058560877377989623e-01
6.146519171519176927e-01 1.086385647461328430e-01
6.016019116105176812e-01 1.113414285520993446e-01
5.885400387093032704e-01 1.139616354072445492e-01
5.754660340826502907e-01 1.164961649707508817e-01
5.623796997390211327e-01 1.189419899635403843e-01
5.492808020612683917e-01 1.212960964179024687e-01
5.361690974977468827e-01 1.235554780268313946e-01
5.230443916318137099e-01 1.257171261984841582e-01
5.099064096900581822e-01 1.277780517191087761e-01
4.967551990462937272e-01 1.297352105861030447e-01
4.835959053959162368e-01 1.315833055439059596e-01
4.704316500022875380e-01 1.333144027720929992e-01
4.572637041687448445e-01 1.349205435209139825e-01
4.440931354312298018e-01 1.363938400006982354e-01
4.309211092227588358e-01 1.377264363834084515e-01
4.177488223976544846e-01 1.389105199564726056e-01
4.045773091065864024e-01 1.399383375156699194e-01
3.914077050780306877e-01 1.408021701258419522e-01
3.782411058986976937e-01 1.414943462443005173e-01
3.650784896727970463e-01 1.420072419076832959e-01
3.519209040171506486e-01 1.423332692762577234e-01
3.387693378814230494e-01 1.424648818644714543e-01
3.256246627930131088e-01 1.423945693119481604e-01
3.124877862480995305e-01 1.421148522119821400e-01
2.993596634541227375e-01 1.416182846429318576e-01
2.862530151185114780e-01 1.408958519895210648e-01
2.731870595884464126e-01 1.399315900370364796e-01
2.601747259921040611e-01 1.387079599085015158e-01
2.472284123401629063e-01 1.372077034047796962e-01
2.343604081591461052e-01 1.354138742986795985e-01
2.215827510727232386e-01 1.333098265355721623e-01
2.089072693706324479e-01 1.308792188775662335e-01
1.963452028772697533e-01 1.281059260719918103e-01
1.839073991349156056e-01 1.249740307826137792e-01
1.716042807772007739e-01 1.214677736830240690e-01
1.594457626299817798e-01 1.175714712972900783e-01
1.474398078911785814e-01 1.132689572231466990e-01
1.355617385742985959e-01 1.085421726314194230e-01
1.238088223167893992e-01 1.034029402283788146e-01
1.121956040483444994e-01 9.787270505869409554e-02
1.007367627648208669e-01 9.197345345125099159e-02
8.944708265504960898e-02 8.572769129959882661e-02
7.834140474987170977e-02 7.915840738732016213e-02
6.746205642099846467e-02 7.230130741955942408e-02
5.691574544237946315e-02 6.518130695130917862e-02
4.674232448069474966e-02 5.775323060422735133e-02
3.697283479688089070e-02 4.996919889504130435e-02
2.763476797926051748e-02 4.178131975281491883e-02
1.885490060524334238e-02 3.321106268175034321e-02
1.078498563659000854e-02 2.404106448131322626e-02
4.425563301504825860e-03 1.484519125834344276e-02
1.027705936256957013e-03 6.895694765438463436e-03
2.259211166968473020e-04 3.662486900351319061e-04
1.552527812021035425e-03 -5.824328110451501388e-03
5.249463858060597621e-03 -1.230306486989448354e-02
1.118526592430206003e-02 -1.812213570269481308e-02
1.903718559384866976e-02 -2.251573414237468748e-02
2.979158302773692729e-02 -2.621805329891435665e-02
4.143353471089286644e-02 -2.911257037445373619e-02
5.340042282515988781e-02 -3.118996743605754324e-02
6.573313954993732777e-02 -3.261102126432113141e-02
7.844613629301902535e-02 -3.355349246612288061e-02
9.135261764323322764e-02 -3.415334122105116721e-02
1.043691643318885448e-01 -3.446327314229767624e-02
1.174895618260377306e-01 -3.453233698825329545e-02
1.307063974683629337e-01 -3.441156378752084632e-02
1.440122271480693827e-01 -3.415405815401614809e-02
1.573868651975023902e-01 -3.381369473372245610e-02
1.707609256493449190e-01 -3.341717750944926679e-02
1.841255827614173557e-01 -3.296385274327601200e-02
1.974811981063206434e-01 -3.245196256521072631e-02
2.108281336304845544e-01 -3.187975094259835884e-02
2.241667334756043961e-01 -3.124546454397700290e-02
2.374973785254296255e-01 -3.054735014714974467e-02
2.508204068300565193e-01 -2.978365846607133535e-02
2.641362007180991789e-01 -2.895263952936579649e-02
2.774451158121343797e-01 -2.805254649227384434e-02
2.907475164560986425e-01 -2.708163361205436284e-02
3.040453918092787533e-01 -2.603813272709852925e-02
3.173634653372625625e-01 -2.492633108627751240e-02
3.307109463024213158e-01 -2.376505059888225566e-02
3.440894005301194936e-01 -2.257525954963336343e-02
3.574793836135880531e-01 -2.138009546017307499e-02
3.708407637899050480e-01 -2.020462579180748453e-02
3.841732762541676394e-01 -1.907010329463278142e-02
3.974782791230903611e-01 -1.799733687135649657e-02
4.107725081717924498e-01 -1.700291558042261314e-02
4.240864160224633306e-01 -1.608246330963471540e-02
4.374206181712213537e-01 -1.522521254816439074e-02
4.507744330202935745e-01 -1.442037822472163992e-02
4.641473416363622317e-01 -1.365708441775868170e-02
4.775387524642886183e-01 -1.292437877349066240e-02
4.909480384695563693e-01 -1.221122890436165606e-02
5.043735015545026679e-01 -1.150665387205521660e-02
5.178005298003245382e-01 -1.080521600336604299e-02
5.312244910120849095e-01 -1.010873966960915832e-02
5.446454941512824943e-01 -9.419487213756631144e-03
5.580635796077922928e-01 -8.739721096931770544e-03
5.714788579491550946e-01 -8.071696793333879225e-03
5.848913774692627854e-01 -7.417669511374931982e-03
5.983012348442129369e-01 -6.779888667889907850e-03
6.117084922526423441e-01 -6.160601966936411940e-03
6.251132315585626875e-01 -5.562052787151216225e-03
6.385155299910452165e-01 -4.986481364439136928e-03
6.519154537163254215e-01 -4.436125021687224897e-03
6.653130962079473187e-01 -3.913216604877096938e-03
6.787085070889866678e-01 -3.419987325347490902e-03
6.921017932053515898e-01 -2.958662902409571038e-03
7.054933309684021658e-01 -2.531428800899723774e-03
7.188858727528762982e-01 -2.139342890406909468e-03
7.322799674522421087e-01 -1.782204812454259374e-03
7.456754921311872231e-01 -1.459750262158203459e-03
7.590723247866373313e-01 -1.171714848934803229e-03
7.724703446535271523e-01 -9.178341035702046805e-04
7.858694274184013784e-01 -6.978435668183257485e-04
7.992694544587009009e-01 -5.114786282518004072e-04
8.126702998546173617e-01 -3.584747299287909775e-04
8.260718450937747370e-01 -2.385671628586016804e-04
8.394739651042456563e-01 -1.514912322953508323e-04
8.528765395451451958e-01 -9.698214578519810973e-05
8.662794454544030520e-01 -7.477507431597008665e-05
8.796825602689546386e-01 -8.460512697590330988e-05
8.930857631071402736e-01 -1.262073617196876022e-04
9.064929008321507276e-01 -1.989174036635245151e-04
9.199284559147651308e-01 -2.916816066490060012e-04
9.333572015208949635e-01 -3.819459268144423749e-04
9.467518338694560498e-01 -4.467611084867121815e-04
9.601130695977675433e-01 -4.637006916987800086e-04
9.734411765789947601e-01 -4.106728324946552441e-04
9.867366471670818706e-01 -2.659163748393379473e-04
1.000000090932285923e+00 -7.989122803365606641e-06
