
1.000005751601654280e+00 1.045255690149973337e-03
9.872235276215265420e-01 5.680042265933685393e-03
9.744328805330012555e-01 1.028995590168963956e-02
9.616334214952950710e-01 1.487232239070859253e-02
9.488246883490890626e-01 1.942449871695676317e-02
9.360062907047675962e-01 2.394382110469708141e-02
9.231777735665716023e-01 2.842765350280459027e-02
9.103387459819286542e-01 3.287334222564351066e-02
8.974887584867637935e-01 3.727825880343958731e-02
8.846274205028074045e-01 4.163975933675736346e-02
8.717542864159633087e-01 4.595522355593897185e-02
8.588689669160006757e-01 5.022201707688240396e-02
8.459710184966273694e-01 5.443752843851537571e-02
8.330600539681950467e-01 5.859913253023075336e-02
8.201356301219162592e-01 6.270422728273129798e-02
8.071973626992726691e-01 6.675019664205017467e-02
7.942448069067432614e-01 7.073444847103521615e-02
7.812775821811699384e-01 7.465437557638300581e-02
7.682952401910944085e-01 7.850739623045671634e-02
7.552974047784041245e-01 8.229091192126658516e-02
7.422836220563187037e-01 8.600235172229944713e-02
7.292535209143945485e-01 8.963912563561252100e-02
7.162066434828133765e-01 9.319867283507232703e-02
7.031426133366923681e-01 9.667841462100723593e-02
6.900609910346791054e-01 1.000757934245398023e-01
6.769617533864250580e-01 1.033880752137248255e-01
6.638449520982759866e-01 1.066123713616416724e-01
6.507106276720546756e-01 1.097457863438569131e-01
6.375587783904295147e-01 1.127854406464711273e-01
6.243894291345246650e-01 1.157284540721460059e-01
6.112025873057306269e-01 1.185719560936501493e-01
5.979982592140851150e-01 1.213130818283454926e-01
5.847764618945292536e-01 1.239489696729372675e-01
5.715371801284103714e-01 1.264767697671650426e-01
5.582804409211842289e-01 1.288936293408831368e-01
5.450062046498183044e-01 1.311967129374908281e-01
5.317145083568067809e-01 1.333831764898476269e-01
5.184052952365255651e-01 1.354501964655739354e-01
5.050785824351357034e-01 1.373949417754920521e-01
4.917343237468062012e-01 1.392145952706042578e-01
4.783767317743045644e-01 1.409050011603363017e-01
4.650129024768855923e-01 1.424577608329346545e-01
4.516455891642025544e-01 1.438638952716991826e-01
4.382775856044789919e-01 1.451144805878326061e-01
4.249114857456003924e-01 1.462006706046925508e-01
4.115500805031832021e-01 1.471136612399566446e-01
3.981959323690872909e-01 1.478447254574649927e-01
3.848516851245346038e-01 1.483851887438993322e-01
3.715199596981743069e-01 1.487264382133148821e-01
3.582032088124654234e-01 1.488599228241078987e-01
3.449040179792889349e-01 1.487771455698199963e-01
3.316247509276788463e-01 1.484696644239588692e-01
3.183677547546116537e-01 1.479290844727092213e-01
3.051354349686545842e-01 1.471470619529843260e-01
2.919299043725509524e-01 1.461152795238452595e-01
2.787379092959379467e-01 1.448268576211247105e-01
2.655374047241605973e-01 1.432901755932906862e-01
2.523290262914274495e-01 1.415215036551086547e-01
2.391136785859779013e-01 1.395373414008591051e-01
2.258924831266921340e-01 1.373544259731651895e-01
2.126666944341328858e-01 1.349897326371276574e-01
1.994372608998378205e-01 1.324603955069549033e-01
1.862306501318347907e-01 1.297869711841532214e-01
1.733050162149235018e-01 1.269541179484312277e-01
1.607827549186616467e-01 1.238185303714415819e-01
1.487197386385698261e-01 1.202375108978314261e-01
1.370989031951780068e-01 1.160679073709976611e-01
1.254424440149950470e-01 1.111596968878088981e-01
1.134920073855581329e-01 1.056408262253216018e-01
1.011858206768359303e-01 9.978870840396177055e-02
8.892022014657846585e-02 9.411463607469632009e-02
7.850885086708764282e-02 8.879430251811273878e-02
7.089330204540594815e-02 8.325748241861026522e-02
6.460633611638277873e-02 7.603317567502103358e-02
5.756008479707423048e-02 6.634933696542422155e-02
5.074136578388934588e-02 5.943494023501302154e-02
4.150023034635680341e-02 5.274542622571234962e-02
3.087122997695044418e-02 4.573780376114731233e-02
2.297190393679331491e-02 3.930860457273968600e-02
1.646563478206462469e-02 3.160323612883672584e-02
8.673704564762893532e-03 2.046722581705764585e-02
2.457337781086013119e-03 1.050945943256087478e-02
2.816156808263894397e-04 4.025670460923934726e-03
4.327254661403432995e-04 -4.243162321801054854e-04
2.493555186674924380e-03 -4.856973634779522889e-03
7.796003082481489654e-03 -1.029124038821545989e-02
1.636374442292633929e-02 -1.551466727358086738e-02
2.717457310781897992e-02 -1.977829669099707977e-02
3.949518316709115656e-02 -2.377339356650264371e-02
5.198636251832386423e-02 -2.732987962449963393e-02
6.465203125553925512e-02 -3.051786307847960053e-02
7.749452950018749509e-02 -3.341004634052750777e-02
9.045670964481619669e-02 -3.605723398242052097e-02
1.034789193961718062e-01 -3.846222009810233711e-02
1.165559758253980893e-01 -4.062755575412224651e-02
1.296829827036403704e-01 -4.255587378121294950e-02
1.428550757555508421e-01 -4.424982945414678709e-02
1.560672785819276764e-01 -4.571208137481808792e-02
1.693146252547817476e-01 -4.694531020186880343e-02
1.825921585697427296e-01 -4.795221599401384288e-02
1.958948196013032272e-01 -4.873551041170892661e-02
2.092175916151119419e-01 -4.929792865996938250e-02
2.225554168423664325e-01 -4.964222305992158080e-02
2.359031929674266226e-01 -4.977116503175563200e-02
2.492558585173876573e-01 -4.968754611047232483e-02
2.626082722261819380e-01 -4.939417705776752432e-02
2.759553108994905468e-01 -4.889388848320348063e-02
2.892918513748569120e-01 -4.818952939212727687e-02
3.026127147279216167e-01 -4.728397036084126814e-02
3.159234251402172622e-01 -4.618122469324838913e-02
3.292360095937039710e-01 -4.489373938176513534e-02
3.425528707609658552e-01 -4.343737701124088940e-02
3.558764216283067938e-01 -4.182816721094959056e-02
3.692087175801592180e-01 -4.008236295934086701e-02
3.825522526069747298e-01 -3.821634774759108399e-02
3.959089924723972476e-01 -3.624676813051731783e-02
4.092813915070122599e-01 -3.419039682638261995e-02
4.226715076557194251e-01 -3.206426438977785093e-02
4.360817905015831886e-01 -2.988554199499362379e-02
4.495143638291069221e-01 -2.767165711960042213e-02
4.629697770940257584e-01 -2.544050614181718115e-02
4.764148599795968164e-01 -2.321574530989762783e-02
4.898372048409486701e-01 -2.101751632058846547e-02
5.032397789799274435e-01 -1.886319895128621763e-02
5.166444726616551408e-01 -1.676135968464303322e-02
5.300631938695041789e-01 -1.470751052647282196e-02
5.434957065778555085e-01 -1.269675020677285722e-02
5.569416073127583244e-01 -1.072418703408988157e-02
5.704006539240542573e-01 -8.784889480102652665e-03
5.838724355748914352e-01 -6.873934540746421545e-03
5.973566965289380803e-01 -4.986360868801279628e-03
6.108398075202672306e-01 -3.121444023161163654e-03
6.242935638044236901e-01 -1.299212370465275537e-03
6.377187760627506252e-01 4.557715668534163627e-04
6.511167407868193591e-01 2.119361324302793548e-03
6.644893997144201148e-01 3.667882646817160509e-03
6.778379743433300408e-01 5.077959365768343510e-03
6.911643545615595574e-01 6.326666580371948304e-03
7.044745231620670456e-01 7.392095184788211211e-03
7.178142435579655256e-01 8.271645260024777097e-03
7.311944913384708089e-01 8.982462819591509329e-03
7.446138260753525362e-01 9.542597919219209315e-03
7.580702209848489970e-01 9.970306793896488440e-03
7.715621190986428068e-01 1.028410173976611677e-02
7.850874869821481417e-01 1.050272229444364561e-02
7.986445361431522283e-01 1.064515872138564745e-02
8.122023147662194020e-01 1.072425779869873655e-02
8.257244842761867210e-01 1.072469264469925326e-02
8.392089165133561623e-01 1.062356609739129390e-02
8.526537076189750763e-01 1.039833577888764869e-02
8.660569692529620500e-01 1.002680921458857025e-02
8.794171121302551963e-01 9.487126884878353122e-03
8.927321585784144808e-01 8.757780492787740900e-03
9.060161346705896124e-01 7.817987522754853494e-03
9.193588851070985113e-01 6.678202811118660355e-03
9.327814317750965367e-01 5.392087282615187598e-03
9.462888910455282687e-01 4.018381558732259801e-03
9.598379344637011368e-01 2.623213873879623285e-03
9.733062551365817550e-01 1.281749830631642023e-03
9.866916648186645489e-01 5.480422283020338486e-05
9.999999949460337545e-01 -1.000013929960525370e-03
