
9.999969644359235632e-01 9.927220499426812027e-04
9.874679039415221737e-01 6.315788548131398908e-03
9.749495532989109758e-01 1.177292158260281364e-02
9.624283822322537985e-01 1.733631500444308970e-02
9.498909674181974516e-01 2.297742070023816793e-02
9.373237524189165226e-01 2.866702743244077881e-02
9.247585522529477853e-01 3.435469277492992496e-02
9.122227395833386598e-01 3.999201548029727299e-02
8.997027354361645246e-01 4.554983732950271258e-02
8.871685959085229278e-01 5.101141151236891075e-02
8.745955091916829405e-01 5.637979320447768228e-02
8.619836846545154696e-01 6.165356408971300189e-02
8.493335549755942626e-01 6.683121082324171291e-02
8.366455314199385818e-01 7.191123058555048964e-02
8.239200340651096077e-01 7.689211845218098251e-02
8.111574846915482473e-01 8.177237049562970095e-02
7.983582884421563941e-01 8.655049064777008139e-02
7.855228781094281132e-01 9.122497403531004689e-02
7.726516495315081112e-01 9.579433090430976294e-02
7.597450267632492871e-01 1.002570627061231956e-01
7.468034159985043052e-01 1.046116787112434665e-01
7.338272245469400490e-01 1.088566890789097463e-01
7.208168698893090420e-01 1.129906020912941206e-01
7.077727442929128143e-01 1.170119353934403889e-01
6.946952863500770459e-01 1.209191930098537787e-01
6.815855246513379262e-01 1.247105557017102739e-01
6.684446130589650759e-01 1.283838374044637964e-01
6.552735150353680149e-01 1.319368676131968954e-01
6.420731724348492930e-01 1.353674850929282025e-01
6.288445671790647840e-01 1.386735217806010501e-01
6.155886244550989872e-01 1.418528276094218610e-01
6.023063083248872962e-01 1.449032462517157449e-01
5.889985627901848098e-01 1.478226298085867640e-01
5.756663198224098998e-01 1.506088362259475066e-01
5.623105431629612516e-01 1.532597202784606316e-01
5.489321421398527523e-01 1.557731510650141038e-01
5.355320646267885953e-01 1.581469932182325844e-01
5.221112337728038844e-01 1.603791192306044389e-01
5.086705619437867920e-01 1.624674060999073966e-01
4.952109814052439996e-01 1.644097306430712946e-01
4.817327053887540678e-01 1.662042692823037793e-01
4.682365141717338974e-01 1.678497286826686197e-01
4.547238170576611838e-01 1.693448466267886143e-01
4.411960135349569101e-01 1.706883633989098314e-01
4.276545228555661549e-01 1.718790188586785395e-01
4.141007309257259683e-01 1.729155573939210044e-01
4.005360412573512052e-01 1.737967230560393539e-01
3.869618508844727689e-01 1.745212617841844505e-01
3.733795409453365965e-01 1.750879214339711720e-01
3.597905117016586551e-01 1.754954500649133220e-01
3.461961357606346823e-01 1.757425977023121255e-01
3.325977937251420324e-01 1.758281147486637497e-01
3.189968691705074022e-01 1.757507524563622914e-01
3.053947216087180561e-01 1.755092625224782821e-01
2.917971129552456855e-01 1.751022661249768131e-01
2.782663244381617940e-01 1.745117247401700711e-01
2.648344136588455244e-01 1.736895785207197007e-01
2.515155447843155367e-01 1.725863339514056294e-01
2.383226086562982848e-01 1.711543095945068649e-01
2.252676378715376959e-01 1.693475530785335248e-01
2.123616033873943210e-01 1.671216802025725645e-01
1.996139293341266940e-01 1.644335727630259480e-01
1.869764540673945485e-01 1.612356380810449352e-01
1.743178163383014290e-01 1.575339481532910257e-01
1.616309774373919372e-01 1.534065705682375325e-01
1.489155527781632071e-01 1.489390817388981658e-01
1.362686974772141235e-01 1.442394320887071535e-01
1.238954725875663354e-01 1.393321199815575062e-01
1.118377708603826431e-01 1.341354343126813231e-01
1.001290346080641325e-01 1.285710289466429068e-01
8.879769034184489818e-02 1.225643053603342886e-01
7.786665272235855639e-02 1.160426061767735467e-01
6.735290288743137066e-02 1.089330969117605352e-01
5.732079044462508322e-02 1.012079131881832156e-01
4.791113735739901958e-02 9.290947371412783262e-02
3.925858859591161570e-02 8.408782589337715496e-02
3.148239792463080472e-02 7.479375934738077825e-02
2.468437064641283707e-02 6.507550068522996445e-02
1.864507986778136256e-02 5.456832770859183779e-02
1.241353520749066859e-02 4.248279079753036758e-02
5.989490483960972084e-03 3.002153724278755140e-02
1.380444799052815003e-03 1.907297296548705542e-02
-6.929094185088250507e-04 9.878684595744258168e-03
-4.598293726081493366e-04 2.028403110698980168e-03
2.041479405485059281e-03 -5.359396948282013455e-03
6.766069055269698963e-03 -1.199809072096359557e-02
1.270957336009235703e-02 -1.648501754026162822e-02
2.043021187711112005e-02 -1.899310441138099895e-02
3.246451470756172436e-02 -2.058314676790315087e-02
4.517129546974864296e-02 -2.151553658939439270e-02
5.798964198779243961e-02 -2.178747181080485998e-02
7.134099553595016352e-02 -2.159159282142098998e-02
8.512617500724074804e-02 -2.125452866544903438e-02
9.887992116445970536e-02 -2.089365679642821161e-02
1.125558212241109524e-01 -2.046080616767105911e-02
1.261492863239194184e-01 -1.990628943597440303e-02
1.396546542135785884e-01 -1.918207366534835367e-02
1.530699916377589453e-01 -1.824153380659038204e-02
1.664646026405749435e-01 -1.705395081051094136e-02
1.798772344635730103e-01 -1.563616270514967682e-02
1.933108354733663603e-01 -1.401420644274526534e-02
2.067682457010217301e-01 -1.221462275538184525e-02
2.202527757373271278e-01 -1.026439055621924772e-02
2.337669630337975424e-01 -8.191116145292097819e-03
2.473140137190785459e-01 -6.022840936024056666e-03
2.608968685682477862e-01 -3.788187857707152415e-03
2.745185272469349846e-01 -1.516324338903445555e-03
2.881408379088151173e-01 7.561842851926854625e-04
3.017238782209250569e-01 2.992477561803390165e-03
3.153096377353228341e-01 5.180894038761161939e-03
3.289220962182241026e-01 7.337431198877738224e-03
3.425594043393860866e-01 9.479137058342570685e-03
3.561977054697659795e-01 1.161978668798505608e-02
3.698071139570254795e-01 1.377222728437904262e-02
3.833855189275897635e-01 1.595349142284481145e-02
3.969307372260010847e-01 1.818041073592105428e-02
4.104610010148381227e-01 2.046947279576994544e-02
4.240177441341749787e-01 2.281466498545269006e-02
4.376065254257292536e-01 2.519198827809872310e-02
4.511989553703741884e-01 2.757107976950511768e-02
4.647610631880322307e-01 2.992057458914654591e-02
4.782968084048282442e-01 3.221611641036914442e-02
4.918108015504035757e-01 3.443385244895168229e-02
5.053102331016212645e-01 3.655100489383027174e-02
5.188177375918211487e-01 3.855615554200138295e-02
5.323367235214938598e-01 4.044477869841251599e-02
5.458659899967708284e-01 4.221217559107034306e-02
5.594044564412525844e-01 4.385367869965169779e-02
5.729509439172851826e-01 4.536462294411701401e-02
5.865043451956539755e-01 4.674036715048063284e-02
6.000635522034988290e-01 4.797628444441429801e-02
6.136274104952356145e-01 4.906775905962990764e-02
6.271948749335219953e-01 5.001019906493894135e-02
6.407648153316453099e-01 5.079902026987127839e-02
6.543361731529764302e-01 5.142965762693457732e-02
6.679079073946185829e-01 5.189755965913374347e-02
6.814789126230120786e-01 5.219818616062767147e-02
6.950482192194998854e-01 5.232701299341335072e-02
7.086136822590655138e-01 5.227939090025125746e-02
7.221695907689329452e-01 5.204938559797481906e-02
7.357112978958015859e-01 5.163036590008683591e-02
7.492342027265925797e-01 5.101573592720520106e-02
7.627338282786715329e-01 5.019893746858867384e-02
7.762057362095520219e-01 4.917345004119783036e-02
7.896454205879432919e-01 4.793280064662323869e-02
8.030485569981331562e-01 4.647054246807630351e-02
8.164108260029033781e-01 4.478026558430300841e-02
8.297278682017784623e-01 4.285560540911276250e-02
8.429955249361510417e-01 4.069020706867494674e-02
8.562096448434729501e-01 3.827774552884694037e-02
8.693660671545548890e-01 3.561192991478896036e-02
8.824608080064660909e-01 3.268646253896945186e-02
8.954899291689899510e-01 2.949505502325382861e-02
9.084782731870600925e-01 2.602819693830671355e-02
9.215110410755236181e-01 2.230562882357455673e-02
9.346067485689786292e-01 1.839349736975081154e-02
9.477808453340098582e-01 1.436256493212449518e-02
9.609769934361783728e-01 1.030928017992507190e-02
9.740714233089354801e-01 6.351803885536100661e-03
9.870740299225339021e-01 2.563975072952320421e-03
9.999987313693394775e-01 -9.853195340673980701e-04
