
9.999904101422292246e-01 2.967208951046847870e-03
9.870393950144442652e-01 5.960818962817723658e-03
9.740771870836791857e-01 8.927628186772795099e-03
9.611044559520695030e-01 1.187053362777646531e-02
9.481219303365724382e-01 1.479242498797893671e-02
9.351303058781590405e-01 1.769620571807130685e-02
9.221302922120908629e-01 2.058478233860644435e-02
9.091226089466148963e-01 2.346106542884779725e-02
8.961079482160730914e-01 2.632797790526631571e-02
8.830870515802169418e-01 2.918843806681258729e-02
8.700605953476991949e-01 3.204538485273221438e-02
8.570303315488111418e-01 3.490152767453257726e-02
8.440035785698611903e-01 3.775835985353379748e-02
8.309822825856492123e-01 4.061854861385705284e-02
8.179671927052434288e-01 4.348501726890555835e-02
8.049589957188231226e-01 4.636069654092109249e-02
7.919584198263557306e-01 4.924850174794042496e-02
7.789661684415674081e-01 5.215134741466578849e-02
7.659829468750433135e-01 5.507214141496563631e-02
7.530094767945729739e-01 5.801378167752692383e-02
7.400464385788925181e-01 6.097916926772431467e-02
7.270945736819099947e-01 6.397118506925705828e-02
7.141545431182791948e-01 6.699272227421236570e-02
7.012270865762584293e-01 7.004664961663062406e-02
6.883013004603015794e-01 7.313651111289311280e-02
6.753535937513740484e-01 7.625453907748402926e-02
6.623982263100109957e-01 7.937772818966774835e-02
6.494656615477023553e-01 8.247909074931042417e-02
6.365523207400667349e-01 8.554006372602247776e-02
6.236533501878234187e-01 8.854263874096521270e-02
6.107643788647134642e-01 9.146893886382607974e-02
5.978804104193816693e-01 9.430146850481835319e-02
5.849848136495349182e-01 9.702870887952952383e-02
5.720673325338427873e-01 9.964876612997106142e-02
5.591293956362657358e-01 1.021595123681976469e-01
5.461724903171552015e-01 1.045588119446171360e-01
5.331980605654450533e-01 1.068445417409536330e-01
5.202075698281709570e-01 1.090145791404957681e-01
5.072024916395014849e-01 1.110668044901934604e-01
4.941843373585600996e-01 1.129990922987558627e-01
4.811553301173665531e-01 1.148088736511158614e-01
4.681165419361557611e-01 1.164932045157335144e-01
4.550686445933870838e-01 1.180491559175111116e-01
4.420123566380527724e-01 1.194737996961009185e-01
4.289483275844783172e-01 1.207642218244228266e-01
4.158772260418593381e-01 1.219175115730060238e-01
4.027997482542468033e-01 1.229307619379267358e-01
3.897165139728938632e-01 1.238010775685939313e-01
3.766281825154116358e-01 1.245255648002793758e-01
3.635354089914117903e-01 1.251013355545959049e-01
3.504387959666229180e-01 1.255255084180363911e-01
3.373389805019867405e-01 1.257952042791368741e-01
3.242365769348378168e-01 1.259075484907926923e-01
3.111321647386132150e-01 1.258596693549070555e-01
2.980263923111312052e-01 1.256486982128127983e-01
2.849309157917068736e-01 1.252699128815301099e-01
2.718614550747831538e-01 1.247106664785451041e-01
2.588256203652110621e-01 1.239563651895934787e-01
2.458308278299116689e-01 1.229925965402066668e-01
2.328843063277768188e-01 1.218051233517704196e-01
2.199932727052765769e-01 1.203798967147965554e-01
2.071649252520592066e-01 1.187030631490161442e-01
1.944059994847963102e-01 1.167609008140213095e-01
1.817231976234965629e-01 1.145398576464452534e-01
1.691230143212383852e-01 1.120265178410836393e-01
1.566118160089192135e-01 1.092076019611331050e-01
1.442006395516317041e-01 1.060708715735156765e-01
1.319624556205949151e-01 1.026024974041604421e-01
1.199500693086943265e-01 9.875853599616354894e-02
1.081984509677484663e-01 9.449133426107567124e-02
9.673947256376630444e-02 8.975526219570237330e-02
8.560140861996747008e-02 8.450595147779127458e-02
7.480866060877409962e-02 7.869924793101504279e-02
6.434209528004422585e-02 7.227634058231602321e-02
5.420318856944483787e-02 6.524354849163410686e-02
4.447127163125500632e-02 5.767455089984981770e-02
3.522514388216173992e-02 4.964805940153117075e-02
2.654113457898953435e-02 4.124650794065545800e-02
1.836251603270570507e-02 3.242383608063353906e-02
9.910220356843382067e-03 2.240384461909630809e-02
3.285366317682756471e-03 1.302466131547877666e-02
3.552680776626395039e-04 5.952397099454863512e-03
2.974342936292286368e-05 7.953178335815959225e-04
1.641506760299693253e-03 -3.996614290943035185e-03
5.806566041948867975e-03 -9.168089111974427052e-03
1.215690600865361112e-02 -1.332696075469954472e-02
1.998819064749228144e-02 -1.549065071542996344e-02
3.147926258540084676e-02 -1.645826467499923729e-02
4.388577572320726677e-02 -1.675861700260244946e-02
5.647678211246651148e-02 -1.652052054497734138e-02
6.932057594756708963e-02 -1.590437567183552309e-02
8.243944415798695746e-02 -1.509135340833764501e-02
9.564875922150878340e-02 -1.420274633856881234e-02
1.089164836529063485e-01 -1.327253754051764024e-02
1.222147663509408483e-01 -1.233243389092180189e-02
1.354794531785125655e-01 -1.141691756876983890e-02
1.487042570234446970e-01 -1.055589542755833339e-02
1.619079274949291325e-01 -9.773138280558531926e-03
1.751203552673853137e-01 -9.069187942058838311e-03
1.883420482166373588e-01 -8.438660293391400322e-03
2.015729768599670291e-01 -7.876177609686832101e-03
2.148131439205593352e-01 -7.376341364857181594e-03
2.280624509002090183e-01 -6.933736904395839708e-03
2.413209330346163251e-01 -6.542924749824907335e-03
2.545884761326001056e-01 -6.198449806244630926e-03
2.678650750468327124e-01 -5.894833203284432187e-03
2.811506662369696596e-01 -5.626576987235043167e-03
2.944451889162398861e-01 -5.388162195365805290e-03
3.077474738223138218e-01 -5.174209918952205924e-03
3.210524751086576978e-01 -4.981738783572919535e-03
3.343595597862428770e-01 -4.809616056232740751e-03
3.476686882379686483e-01 -4.656755059077020455e-03
3.609798522540889620e-01 -4.522067919277413146e-03
3.742930163190896775e-01 -4.404466259791713426e-03
3.876081655304073892e-01 -4.302860689690967896e-03
4.009252719742903426e-01 -4.216161125889502335e-03
4.142443130952769836e-01 -4.143276629316476091e-03
4.275652683600008608e-01 -4.083115446194298531e-03
4.408881078364490502e-01 -4.034585052157803504e-03
4.542128181450550972e-01 -3.996592049651145374e-03
4.675393622505369384e-01 -3.968042300992161500e-03
4.808677336962338678e-01 -3.947840783578504369e-03
4.941978914181379134e-01 -3.934891724792311495e-03
5.075298272324837434e-01 -3.928098493951906814e-03
5.208635051114108849e-01 -3.926363669861771509e-03
5.341989109476072972e-01 -3.928589006302187631e-03
5.475360150379239288e-01 -3.933675443426993233e-03
5.608747971012288946e-01 -3.940523106098381412e-03
5.742149558601299386e-01 -3.948031146082590752e-03
5.875540474223206466e-01 -3.955096939197745576e-03
6.008914393519090291e-01 -3.960619295143790776e-03
6.142271169099464689e-01 -3.963498179402087998e-03
6.275610448556079302e-01 -3.962634369234204444e-03
6.408932145975727579e-01 -3.956929457229575037e-03
6.542235845948924933e-01 -3.945285862474342577e-03
6.675521494158002112e-01 -3.926606794526172305e-03
6.808788707205237767e-01 -3.899796311873003195e-03
6.942037365770753476e-01 -3.863759244658154443e-03
7.075275937440477225e-01 -3.817503564838312709e-03
7.208544440593105396e-01 -3.761882165163328573e-03
7.341848841993906527e-01 -3.699347968222441857e-03
7.475189667548093331e-01 -3.632410992163324134e-03
7.608564446993353325e-01 -3.563587067783125905e-03
7.741922149635771522e-01 -3.495420535036681143e-03
7.875242257509196264e-01 -3.430438530713549993e-03
8.008524921868203084e-01 -3.371153320368601436e-03
8.141770990412515729e-01 -3.320072590509790672e-03
8.274980561730820305e-01 -3.279700079823117276e-03
8.408154460550502085e-01 -3.252535033375589593e-03
8.541292906397073281e-01 -3.241072631035171823e-03
8.674396555419638943e-01 -3.247803751039478500e-03
8.807465806926322305e-01 -3.275215090404882089e-03
8.940501137248915153e-01 -3.325789131108413191e-03
9.073563890527875930e-01 -3.401321523050651521e-03
9.206878507171152304e-01 -3.490400384213697589e-03
9.339959922323558539e-01 -3.569359284435618101e-03
9.472681920979427739e-01 -3.614580422501388526e-03
9.605047766600115500e-01 -3.602902332459573167e-03
9.737054928127160114e-01 -3.511529037326297214e-03
9.868704422887790706e-01 -3.318024179014883793e-03
9.999997667523143896e-01 -3.000299173098588089e-03
