
1.000002636238904508e+00 8.204888846747711252e-04
9.871475751753364669e-01 3.615743536707368040e-03
9.742721271519767523e-01 6.533778448612251148e-03
9.613724278204328622e-01 9.550554770323665260e-03
9.484445724258551147e-01 1.264160440552021362e-02
9.354848643173058198e-01 1.578196064247419303e-02
9.224962446047941800e-01 1.894458470574860234e-02
9.095303704542145873e-01 2.209026606877781754e-02
8.965951019267853761e-01 2.519074237763025206e-02
8.836607545997708923e-01 2.823526288141871982e-02
8.707143846292018097e-01 3.122685860271046457e-02
8.577561077523060407e-01 3.416777486055244673e-02
8.447860621228274747e-01 3.706025509965715087e-02
8.318043428086577817e-01 3.990655558433435501e-02
8.188111063571293924e-01 4.270892227581279260e-02
8.058064544026936060e-01 4.546961644432744726e-02
7.927905317938845897e-01 4.819089341564643941e-02
7.797634628698781878e-01 5.087501631118258177e-02
7.667253734497375683e-01 5.352425131698701488e-02
7.536764121518572113e-01 5.614086348264252929e-02
7.406166863527090527e-01 5.872712962672865106e-02
7.275463623649449652e-01 6.128531836655656817e-02
7.144655462507588650e-01 6.381771373317673968e-02
7.013744004941280252e-01 6.632659231247500786e-02
6.882754844551771667e-01 6.881337028920815613e-02
6.751747635500453537e-01 7.127514799082435015e-02
6.620724553047787619e-01 7.370818449780587589e-02
6.489684645174123023e-01 7.610879011012439133e-02
6.358626402901703667e-01 7.847329452972857944e-02
6.227549242274107444e-01 8.079801996087773719e-02
6.096451505295469309e-01 8.307931703158960568e-02
5.965332483608080105e-01 8.531352881233525420e-02
5.834190875169111834e-01 8.749701794792751064e-02
5.703025610365168863e-01 8.962615224445386053e-02
5.571835804869219588e-01 9.169730586706793807e-02
5.440620013494553708e-01 9.370687102880105590e-02
5.309377667141327306e-01 9.565123567782225777e-02
5.178107220658701992e-01 9.752681171372677704e-02
5.046807808536701856e-01 9.933001007778961833e-02
4.915478345876870270e-01 1.010572541897652027e-01
4.784117444604076841e-01 1.027049803335657041e-01
4.652724495703951524e-01 1.042696241224674719e-01
4.521297812629275770e-01 1.057476432788853199e-01
4.389836466092260081e-01 1.071354952368380603e-01
4.258339251752168431e-01 1.084296495016581485e-01
4.126804648682181331e-01 1.096265869933009812e-01
3.995231833722749926e-01 1.107227907026071406e-01
3.863619032484362226e-01 1.117147601299869064e-01
3.731964971608783821e-01 1.125989982187353688e-01
3.600268385854812903e-01 1.133720159840945624e-01
3.468527426721484952e-01 1.140303351664622711e-01
3.336740835414508388e-01 1.145704812298399405e-01
3.204906812120089654e-01 1.149889889583439739e-01
3.073023475726255338e-01 1.152823989797945869e-01
2.941099307476467417e-01 1.154472210306558971e-01
2.809463924714794003e-01 1.154714805925974169e-01
2.678365703794179931e-01 1.153239325739355003e-01
2.547897384931130382e-01 1.149714064831394295e-01
2.418142398843090568e-01 1.143815700392809831e-01
2.289185487409877706e-01 1.135229323279968588e-01
2.161108095894375414e-01 1.123648210399058461e-01
2.033987275297329256e-01 1.108773422401464620e-01
1.907705212253211213e-01 1.090300477213382579e-01
1.781035885330034263e-01 1.068204705244789193e-01
1.653587220826645832e-01 1.043093425574880134e-01
1.525199234235291301e-01 1.015672259137457706e-01
1.396257978629919794e-01 9.867469374874386634e-02
1.269306737459970358e-01 9.565370721159202616e-02
1.145102136601877652e-01 9.240118594438978539e-02
1.024052525226764737e-01 8.881426177781856501e-02
9.065159928700006198e-02 8.479890460963031285e-02
7.927858739130125287e-02 8.026806214111165128e-02
6.827446757764651930e-02 7.512551774842821106e-02
5.734992744160730821e-02 6.924585898131213613e-02
4.641445993431098094e-02 6.274275689020483715e-02
3.617126156215674793e-02 5.604697190996271033e-02
2.722678093124384843e-02 4.913141469993398402e-02
1.956830638548087004e-02 4.164796413574425177e-02
1.247385241791135538e-02 3.281424584299403452e-02
6.060819372859019977e-03 2.290756441144941799e-02
1.776846073259803066e-03 1.353551135574924263e-02
-2.874573050152726648e-05 5.286886962370366747e-03
3.807730391291848588e-04 -2.002806456627437455e-03
3.010255127329098963e-03 -9.243254393594968477e-03
7.812841162154077548e-03 -1.599240521835691362e-02
1.420531897789932205e-02 -2.123919831253381560e-02
2.252847426524086719e-02 -2.503863337194616942e-02
3.304448738297566940e-02 -2.781545476738928047e-02
4.417023023586972436e-02 -2.940257616867997595e-02
5.587691537228946237e-02 -2.996855315699190753e-02
6.823188522044364157e-02 -2.975545213543524109e-02
8.122320175910768825e-02 -2.909191022560533163e-02
9.437489116101362152e-02 -2.825426592136114079e-02
1.075710935045210426e-01 -2.730178504801422656e-02
1.208175289055745810e-01 -2.627377424920463583e-02
1.341155265848019695e-01 -2.521101871221472987e-02
1.473849629886991863e-01 -2.416173947351355628e-02
1.606157011661130674e-01 -2.316525923533755554e-02
1.738536406966817438e-01 -2.222956453944925637e-02
1.871006857275495094e-01 -2.135226412427098167e-02
2.003563375104309430e-01 -2.053103030978290292e-02
2.136200445979039853e-01 -1.976353486213584115e-02
2.268912852076716280e-01 -1.904744366696005387e-02
2.401695332834054564e-01 -1.838041897280874234e-02
2.534542387419705944e-01 -1.776012021026571186e-02
2.667448999942512167e-01 -1.718420058388066968e-02
2.800409495407162330e-01 -1.665031229080041891e-02
2.933418820341992528e-01 -1.615610094933727509e-02
3.066473360290279948e-01 -1.569918557485937977e-02
3.199582446690385495e-01 -1.527663829504279959e-02
3.332748116167276731e-01 -1.488499994677190338e-02
3.465969807633383915e-01 -1.452078357142656297e-02
3.599247513550069555e-01 -1.418049241666148076e-02
3.732580400413915145e-01 -1.386062356557936706e-02
3.865968625462117281e-01 -1.355766331428563155e-02
3.999411309405659920e-01 -1.326809201729298691e-02
4.132908448303320159e-01 -1.298837964945413238e-02
4.266459400605713270e-01 -1.271498913926270846e-02
4.400061766327840185e-01 -1.244437848393104180e-02
4.533646125581546338e-01 -1.217313421034848554e-02
4.667176858468843337e-01 -1.189777655480040407e-02
4.800653405372157234e-01 -1.161476300066618082e-02
4.934075673313942367e-01 -1.132055848399136748e-02
5.067453772687527946e-01 -1.101172277519002138e-02
5.200854206955022319e-01 -1.068747953796954538e-02
5.334290154063684453e-01 -1.035011591842863177e-02
5.467761638912681521e-01 -1.000209355346981348e-02
5.601269281770461239e-01 -9.645876667380641478e-03
5.734813273372444398e-01 -9.283934712287047683e-03
5.868394078874709097e-01 -8.918740525914879008e-03
6.001992161636506840e-01 -8.552825773638720805e-03
6.135556506728936377e-01 -8.188809822331721833e-03
6.269084459721813163e-01 -7.829176284686985982e-03
6.402576584586824326e-01 -7.476395853381847222e-03
6.536032971015618420e-01 -7.132936364142306897e-03
6.669454320568827255e-01 -6.801259965260316592e-03
6.802840616045274791e-01 -6.483826515881915137e-03
6.936192577839721540e-01 -6.183089991073037993e-03
7.069518239013334870e-01 -5.901397912837555611e-03
7.202862655117029389e-01 -5.639080761021638376e-03
7.336233183570105565e-01 -5.394648393533986799e-03
7.469629707032287014e-01 -5.166545144749114422e-03
7.603052030841382924e-01 -4.953213832330331107e-03
7.736500150026029976e-01 -4.753095329367846948e-03
7.869973756667869580e-01 -4.564629323358589640e-03
8.003472953672127188e-01 -4.386253263987775763e-03
8.136997365682855365e-01 -4.216403607453914938e-03
8.270547077829859539e-01 -4.053514551703945798e-03
8.404121782253424211e-01 -3.896019135374800043e-03
8.537721475613950783e-01 -3.742348370176281063e-03
8.671345945890213125e-01 -3.590931855784571143e-03
8.804987783359952136e-01 -3.440205654598619666e-03
8.938612072752221138e-01 -3.288635924084048687e-03
9.072179757215311779e-01 -3.134305141153634778e-03
9.205516517642564622e-01 -2.967743338996537989e-03
9.338594805961252243e-01 -2.772349425682352989e-03
9.471409394385275071e-01 -2.531425729621574437e-03
9.603960069697010660e-01 -2.228456048196680341e-03
9.736242714599157022e-01 -1.847118443102014305e-03
9.868255490036107469e-01 -1.371270194880701808e-03
9.999997167874475901e-01 -7.849450485951982867e-04
