
1.000001530785447734e+00 7.481737458419626067e-06
9.872409715429979471e-01 2.516566183461253596e-03
9.744730740749670828e-01 5.194042677970147313e-03
9.616912484036284070e-01 8.012965034819753349e-03
9.488886109805957370e-01 1.094587514684127252e-02
9.360588440751119732e-01 1.396458368850255274e-02
9.231948457882455106e-01 1.704046149738264876e-02
9.102983097295729298e-01 2.014212988212802161e-02
8.974278251435744425e-01 2.322412904462605246e-02
8.845636801172137575e-01 2.626900287296437403e-02
8.716907973545475752e-01 2.927826879060699272e-02
8.588093079204117686e-01 3.225249045045260748e-02
8.459193564769154072e-01 3.519222857841520363e-02
8.330210724131625888e-01 3.809804762797865813e-02
8.201146000756380783e-01 4.097050888268213148e-02
8.072000728167524342e-01 4.381017633031347724e-02
7.942776301134869543e-01 4.661761281937391171e-02
7.813474107538074254e-01 4.939338159327049532e-02
7.684095493694788059e-01 5.213804701184523993e-02
7.554641901252190372e-01 5.485217164633388043e-02
7.425114628396799477e-01 5.753632131529765048e-02
7.295515148362313740e-01 6.019105842519160976e-02
7.165844776167070718e-01 6.281694888689062783e-02
7.036104948195087694e-01 6.541455636580216504e-02
6.906313254412425051e-01 6.798385572000237298e-02
6.776510025094276690e-01 7.052182138095651476e-02
6.646693237846915681e-01 7.302486568521573962e-02
6.516858655687449708e-01 7.548943938589489089e-02
6.387001301581900492e-01 7.791201631365363145e-02
6.257117147174718896e-01 8.028906146899174312e-02
6.127201219277845778e-01 8.261706628778524297e-02
5.997249253372541888e-01 8.489251813683976189e-02
5.867256668665679076e-01 8.711191900573260483e-02
5.737218803143810941e-01 8.927178092353020566e-02
5.607131485389393877e-01 9.136861661133724444e-02
5.476989745896336803e-01 9.339896044766596295e-02
5.346789451137429205e-01 9.535934212858628023e-02
5.216525778951275338e-01 9.724631055929365553e-02
5.086194194414663805e-01 9.905641852964117144e-02
4.955795284620242436e-01 1.007861268385149417e-01
4.825383254544924894e-01 1.024293198064071125e-01
4.694983335810920533e-01 1.039774386228741049e-01
4.564602687448827134e-01 1.054219731725513226e-01
4.434249134961995020e-01 1.067544567510108205e-01
4.303931219854050250e-01 1.079664685320335243e-01
4.173655651069305694e-01 1.090496572879919857e-01
4.043430509546476204e-01 1.099957106436343368e-01
3.913263268934993322e-01 1.107963735309761694e-01
3.783160466927754650e-01 1.114434464345590431e-01
3.653129655479920856e-01 1.119287735439936232e-01
3.523177242835849876e-01 1.122442529002624922e-01
3.393309046761507908e-01 1.123818284627367686e-01
3.263531509422650245e-01 1.123334867193725717e-01
3.133849943667822435e-01 1.120912560785508466e-01
3.004268870419664617e-01 1.116471989974618662e-01
2.874794996374760991e-01 1.109936059787620249e-01
2.745482474813463192e-01 1.101238278988102698e-01
2.616407984721971780e-01 1.090315887627361369e-01
2.487648273825292800e-01 1.077106726973120487e-01
2.359280311185630030e-01 1.061549319339184783e-01
2.231378991445101267e-01 1.043582604355237781e-01
2.104019143168318895e-01 1.023146138608710537e-01
1.977275118623891825e-01 1.000180069615692890e-01
1.851220609258418526e-01 9.746251100957284419e-02
1.725927401566825781e-01 9.464222379051095979e-02
1.601466909153899942e-01 9.155129408699781701e-02
1.477909699119031861e-01 8.818390980628071363e-02
1.355325361841968890e-01 8.453428967329335020e-02
1.233781405639874235e-01 8.059663937674563239e-02
1.113344691229108396e-01 7.636518113214708914e-02
9.940808320695761202e-02 7.183412506016476073e-02
8.760546327196075400e-02 6.699767303920874106e-02
7.593300752470451276e-02 6.185000823964344890e-02
6.447188876337679730e-02 5.640602932921848917e-02
5.337340251372582611e-02 5.064781807348896214e-02
4.271714653102402087e-02 4.451245910880653744e-02
3.257311880603032395e-02 3.794213332095938002e-02
2.301438257150700134e-02 3.089173180470180385e-02
1.418693461446833386e-02 2.326313441415440650e-02
6.376346731863274594e-03 1.489005312923757582e-02
1.808130194390297936e-03 7.553544702346598992e-03
2.728971478159513461e-04 1.758166252495794047e-03
8.478298464959188553e-04 -3.474013804284674638e-03
3.774645608427746636e-03 -9.327873732479015356e-03
9.140101658828786099e-03 -1.479889430329561599e-02
1.583315726185683878e-02 -1.836185382645332681e-02
2.536579865111331794e-02 -2.055031118781022736e-02
3.765460035453969262e-02 -2.222326251697663568e-02
5.016094333793925941e-02 -2.337405111103466743e-02
6.291344102851634257e-02 -2.414407272911307800e-02
7.593469736054116181e-02 -2.469107083250295098e-02
8.908445447727790512e-02 -2.514863530106313527e-02
1.022399255020118997e-01 -2.553816184417839405e-02
1.154005284463652109e-01 -2.586122044634987446e-02
1.285660050858385139e-01 -2.611939458080318743e-02
1.417360559182092306e-01 -2.631426859803526891e-02
1.549104076719781953e-01 -2.644742922892409295e-02
1.680887791564981137e-01 -2.652046485201267276e-02
1.812708756888200268e-01 -2.653496567668196804e-02
1.944564340067404529e-01 -2.649252378515629461e-02
2.076451461431338130e-01 -2.639473318250656203e-02
2.208367446458024685e-01 -2.624318956201935130e-02
2.340309326350929475e-01 -2.603949069585399095e-02
2.472274254582760289e-01 -2.578523612241305149e-02
2.604259432063568691e-01 -2.548202708722841631e-02
2.736261828089086579e-01 -2.513146724313466279e-02
2.868278808423113668e-01 -2.473516105267514059e-02
3.000307264342253477e-01 -2.429471615792959741e-02
3.132351139431790443e-01 -2.381185005515514333e-02
3.264416404444702713e-01 -2.328879794184527882e-02
3.396503907339742390e-01 -2.272794535575575411e-02
3.528614522950587196e-01 -2.213168160625777689e-02
3.660748851439551421e-01 -2.150240123482013294e-02
3.792907982845566406e-01 -2.084250044382324543e-02
3.925092359689958399e-01 -2.015438260831453610e-02
4.057303100722239320e-01 -1.944045167079646794e-02
4.189540719693727322e-01 -1.870311877163301217e-02
4.321806184535758044e-01 -1.794479661722704275e-02
4.454100199186571962e-01 -1.716790340552830710e-02
4.586423552240811441e-01 -1.637486090555369950e-02
4.718777127056294485e-01 -1.556809434773060233e-02
4.851161547041002997e-01 -1.475003460019336937e-02
4.983577863793727247e-01 -1.392311395041464193e-02
5.116026549212733254e-01 -1.308977235921974548e-02
5.248508811583135758e-01 -1.225244924248341041e-02
5.381017040039348664e-01 -1.141364389275753566e-02
5.513497321128814077e-01 -1.057615133995547241e-02
5.645939829914337071e-01 -9.742485193507332067e-03
5.778345168912661922e-01 -8.915088982011539626e-03
5.910714263941114766e-01 -8.096400124857114355e-03
6.043047861858926728e-01 -7.288853092650834573e-03
6.175346726398487363e-01 -6.494878175424215021e-03
6.307611762306490899e-01 -5.716900769783005154e-03
6.439843559705442644e-01 -4.957344067411047911e-03
6.572043195269424709e-01 -4.218624413520701000e-03
6.704211074377710577e-01 -3.503157884147858024e-03
6.836348367970506157e-01 -2.813352314509656033e-03
6.968455562443844897e-01 -2.151615181958323793e-03
7.100533648404627751e-01 -1.520347329011838625e-03
7.232583314289586784e-01 -9.219471138191805354e-04
7.364605340251976218e-01 -3.588084146406883318e-04
7.496600638893229362e-01 1.666794008486262454e-04
7.628569770502463543e-01 6.521295543191039544e-04
7.760513840901941407e-01 1.095161270823014499e-03
7.892433321387525291e-01 1.493395505660668511e-03
8.024329306893402958e-01 1.844459154661883893e-03
8.156202458826973256e-01 2.145981690259871760e-03
8.288053630705185526e-01 2.395597024741767406e-03
8.419883763959099543e-01 2.590942985707110711e-03
8.551693464104521691e-01 2.729660747448200194e-03
8.683483890963237251e-01 2.809395892095680435e-03
8.815255626833187197e-01 2.827797227634570865e-03
8.947009765251837665e-01 2.782517486411564649e-03
9.078747144900907173e-01 2.671212888945354892e-03
9.210468595982644890e-01 2.491543347624551683e-03
9.342175271609705067e-01 2.241171746588583626e-03
9.473867795499670841e-01 1.917765345061082233e-03
9.605547450967329981e-01 1.518993289571521875e-03
9.737215086478080428e-01 1.042528942858155947e-03
9.868871712463208601e-01 4.860484155231715271e-04
1.000051854530651374e+00 -1.527702005466057597e-04
