
9.999916973377498408e-01 -3.040340387770545279e-05
9.882741789204201321e-01 5.542783796364535859e-03
9.763817033136629187e-01 1.078532341687499750e-02
9.643239090908030109e-01 1.572957519829708620e-02
9.521112676494550842e-01 2.040829248806205753e-02
9.397548289835957469e-01 2.485486431288622122e-02
9.272664516211127639e-01 2.910333697567714720e-02
9.146588531062429528e-01 3.318849684540436940e-02
9.019448461541589301e-01 3.714618059039675319e-02
8.891483993603833680e-01 4.100831105712163943e-02
8.763152850981202890e-01 4.477938882773456475e-02
8.634507684643257797e-01 4.846099242529393336e-02
8.505561032837316571e-01 5.205559651938781313e-02
8.376325190170471613e-01 5.556568841215325794e-02
8.246812374084965258e-01 5.899376272773649427e-02
8.117035281888933529e-01 6.234230690479653642e-02
7.987006046304967466e-01 6.561382862366638147e-02
7.856737403353935001e-01 6.881082564086467290e-02
7.726241811377763113e-01 7.193580838873347982e-02
7.595531702068297752e-01 7.499129326603803936e-02
7.464619919001165282e-01 7.797979261170871756e-02
7.333518693882280504e-01 8.090383828820385537e-02
7.202241001685676380e-01 8.376595083392475438e-02
7.070799314144775582e-01 8.656866750688499423e-02
6.939206532792667748e-01 8.931452175627571655e-02
6.807509076456409458e-01 9.200451798883010901e-02
6.675743452202923534e-01 9.463651908856483830e-02
6.543907476649083454e-01 9.720835738947299076e-02
6.411999293920657150e-01 9.971786221632972236e-02
6.280016626927293899e-01 1.021628743716344601e-01
6.147957393530475434e-01 1.045412341266867828e-01
6.015819571224875206e-01 1.068507840360381211e-01
5.883600816519137799e-01 1.090893754318090214e-01
5.751299282920240286e-01 1.112548543524905370e-01
5.618912551753592055e-01 1.133450795151948881e-01
5.486438577089327584e-01 1.153579065460006714e-01
5.353875206459419722e-01 1.172911959081738564e-01
5.221220074604311367e-01 1.191428140068493957e-01
5.088471277663851877e-01 1.209106237157268476e-01
4.955626286662022095e-01 1.225924992454331397e-01
4.822693810096552736e-01 1.241860229768371876e-01
4.689706010479641196e-01 1.256869129326234069e-01
4.556671848059549168e-01 1.270902658822510578e-01
4.423599392327268731e-01 1.283911964458672172e-01
4.290495436167180432e-01 1.295848488396022236e-01
4.157367490731260773e-01 1.306663763954941382e-01
4.024223067451787039e-01 1.316309495798496099e-01
3.891068915560454977e-01 1.324737606494816311e-01
3.757912597651887343e-01 1.331900124528193619e-01
3.624760935479046098e-01 1.337749284953898277e-01
3.491620632988927664e-01 1.342237475560029147e-01
3.358499097659486399e-01 1.345317215870329430e-01
3.225402473855739638e-01 1.346941208837745818e-01
3.092337330391992656e-01 1.347062278826019199e-01
2.959310547934774771e-01 1.345633392655928018e-01
2.826380397442502246e-01 1.342602395362120782e-01
2.693783272956209451e-01 1.337831837902267174e-01
2.561620641133995901e-01 1.331117767687521047e-01
2.429969632399057444e-01 1.322257428714810890e-01
2.298908193728364802e-01 1.311051462154493585e-01
2.168514286463890106e-01 1.297303995421865142e-01
2.038860310716441859e-01 1.280822013067449694e-01
1.910017039303235631e-01 1.261415493643652519e-01
1.782052538491144256e-01 1.238897096170337025e-01
1.655032228338640110e-01 1.213081895286758777e-01
1.529016182483431130e-01 1.183786392697923212e-01
1.404066183436686599e-01 1.150829550985702499e-01
1.280543553804913137e-01 1.114059830309999111e-01
1.158954880296697298e-01 1.073231588681658327e-01
1.039697281881742791e-01 1.028062885754839895e-01
9.231477336967032488e-02 9.782829308044797834e-02
8.096596730507110706e-02 9.236290688177070662e-02
6.995603041597121818e-02 8.638422673955993558e-02
5.934579402101226864e-02 7.987992264403970255e-02
4.924862749295410430e-02 7.284977719053348233e-02
3.975736006379868709e-02 6.528179807439848936e-02
3.095322621435868046e-02 5.716370798303956752e-02
2.290620696314019100e-02 4.848038417431975444e-02
1.563321546037662463e-02 3.916291970470442418e-02
9.026426390933334903e-03 2.901246554343393444e-02
3.801641655851477428e-03 1.885541659166457482e-02
7.766813091059739842e-04 9.509353254731761629e-03
6.085351700432523742e-06 1.122973988168897604e-03
1.409417418159272881e-03 -6.970766088636519767e-03
5.075745620193129921e-03 -1.517001214109502810e-02
1.074132327370190543e-02 -2.261331198324544045e-02
1.787438189060249275e-02 -2.852608984832254169e-02
2.727587434442587180e-02 -3.363380629320612825e-02
3.836469891422730066e-02 -3.829179894763377195e-02
4.989151360318903189e-02 -4.217165893729805937e-02
6.181222994235147095e-02 -4.534985723253281975e-02
7.407600502490221950e-02 -4.790947194043188029e-02
8.660174171656408182e-02 -4.993517960335344674e-02
9.928775069885206750e-02 -5.148360455157901389e-02
1.121191223062584508e-01 -5.260764356072601677e-02
1.250862443957588277e-01 -5.336327639272050311e-02
1.381780100673570266e-01 -5.380912958965187315e-02
1.513818390756864474e-01 -5.400674262609980736e-02
1.646580358092240015e-01 -5.401564437458634266e-02
1.779521141073948653e-01 -5.386381916568263456e-02
1.912630710004219470e-01 -5.356599605253552915e-02
2.045917398090425776e-01 -5.313701583428687841e-02
2.179390189523554289e-01 -5.259186705554916991e-02
2.313054782534199327e-01 -5.194570792073681387e-02
2.446919926637721177e-01 -5.121384383262321538e-02
2.580992199967705458e-01 -5.041175338201169670e-02
2.715278589511792018e-01 -4.955507921601583210e-02
2.849787611061463943e-01 -4.865962143055398148e-02
2.984524799186810129e-01 -4.774136952088868513e-02
3.119435316046819118e-01 -4.681616142423385141e-02
3.254352543972078848e-01 -4.589149715858122092e-02
3.389269229852623355e-01 -4.496752091198113338e-02
3.524185405096638135e-01 -4.404420626655106141e-02
3.659101106162627182e-01 -4.312152676937780482e-02
3.794016365887510900e-01 -4.219945599188280883e-02
3.928931219298430477e-01 -4.127796749005831212e-02
4.063845700660174698e-01 -4.035703482466245634e-02
4.198759843569410122e-01 -3.943663156056076424e-02
4.333673683717875758e-01 -3.851673124787810543e-02
4.468587253272743309e-01 -3.759730746032379639e-02
4.603500589351701699e-01 -3.667833373741658659e-02
4.738413722693452512e-01 -3.575978366168328093e-02
4.873326691840590419e-01 -3.484163076206063525e-02
5.008239526814413090e-01 -3.392384862504069232e-02
5.143152265451379490e-01 -3.300641078348610230e-02
5.278064939188201743e-01 -3.208929081334197658e-02
5.412977584438828371e-01 -3.117246225625956019e-02
5.547890234061223502e-01 -3.025589867761320495e-02
5.682802923045631172e-01 -2.933957362783624206e-02
5.817715685670143966e-01 -2.842346066175243172e-02
5.952628555502459395e-01 -2.750753333855796706e-02
6.087541568239602796e-01 -2.659176520254353387e-02
6.222454756027940848e-01 -2.567612982165188087e-02
6.357368155982211499e-01 -2.476060072965494477e-02
6.492281798828724027e-01 -2.384515150322877308e-02
6.627195723098607827e-01 -2.292975566563822468e-02
6.762109958802342558e-01 -2.201438679751326066e-02
6.897024233247398550e-01 -2.109902053282798964e-02
7.031938126384963406e-01 -2.018363350527119238e-02
7.166851662916630117e-01 -1.926819933139298918e-02
7.301764878561605165e-01 -1.835269155344030137e-02
7.436677806856901718e-01 -1.743708372891693628e-02
7.571590482105549080e-01 -1.652134941057921413e-02
7.706502939264368024e-01 -1.560546214719459729e-02
7.841415211218940584e-01 -1.468939550204215704e-02
7.976327334347167453e-01 -1.377312301513782845e-02
8.111239340115949936e-01 -1.285661826029975245e-02
8.246151266325458806e-01 -1.193985476877433734e-02
8.381063143022767781e-01 -1.102280612493788600e-02
8.515975008736520468e-01 -1.010544585597238088e-02
8.650886894177600706e-01 -9.187747542656275399e-03
8.785798836502303200e-01 -8.269684722385615971e-03
8.920710867830728974e-01 -7.351230967266533627e-03
9.055623023895778001e-01 -6.432359825268517059e-03
9.190535338244512076e-01 -5.513044859690236464e-03
9.325447845185356188e-01 -4.593259629097561948e-03
9.460360579693407601e-01 -3.672977687956580604e-03
9.595273574651568271e-01 -2.752172605455569139e-03
9.730186866464001216e-01 -1.830817927199806291e-03
9.865100486587115025e-01 -9.088872330288883276e-04
1.000001447285506329e+00 1.364594034379404129e-05
