
1.000002004033702541e+00 4.043178012905482809e-03
9.865797102921332051e-01 7.281092199878119557e-03
9.731502842939762088e-01 1.056301092849996209e-02
9.597123874063570037e-01 1.388070515151102954e-02
9.462646052094746407e-01 1.722591911434726009e-02
9.328056279182900257e-01 2.059032537021647860e-02
9.193343671885398916e-01 2.396549480249803021e-02
9.058635981671880888e-01 2.733948384929968389e-02
8.924012474154564556e-01 3.070157147195045483e-02
8.789458939383373304e-01 3.404342288580140818e-02
8.654961827253312423e-01 3.735673242471857641e-02
8.520508236196836505e-01 4.063322410423587938e-02
8.386084024884938870e-01 4.386469749959846787e-02
8.251675872670788392e-01 4.704297684886687980e-02
8.117271407032425889e-01 5.015990928955585404e-02
7.982854973145319111e-01 5.320746491270107043e-02
7.848344146283260381e-01 5.618120689939922613e-02
7.713691074634220213e-01 5.908155996439038576e-02
7.578896122168389260e-01 6.190881891885684912e-02
7.443959624282340259e-01 6.466327903587350268e-02
7.308881896523455879e-01 6.734523580242279817e-02
7.173663308438287256e-01 6.995498346286976865e-02
7.038304198575474624e-01 7.249281674152666111e-02
6.902804890370947133e-01 7.495903047524091201e-02
6.767165759000771663e-01 7.735391841318681183e-02
6.631387146430408608e-01 7.967777479105112026e-02
6.495469384497446486e-01 8.193089386731582102e-02
6.359412854069337317e-01 8.411356896586179299e-02
6.223217900805930736e-01 8.622609389334792707e-02
6.086884865257087274e-01 8.826876240505689142e-02
5.950418072149218363e-01 9.024177989085739593e-02
5.813860479387233937e-01 9.214329735099652252e-02
5.677230278197291646e-01 9.396968923949368391e-02
5.540534120849893718e-01 9.571734006475240975e-02
5.403779081479711532e-01 9.738263713175478176e-02
5.266972124336027905e-01 9.896197788645448579e-02
5.130119896591318618e-01 1.004517718616026456e-01
4.993229498691874046e-01 1.018484320899458451e-01
4.856307713371869061e-01 1.031483838112910723e-01
4.719361175529897534e-01 1.043480620145595811e-01
4.582397004247897865e-01 1.054439061335283173e-01
4.445421705659484690e-01 1.064323695006325482e-01
4.308441912693792841e-01 1.073099125671026499e-01
4.171464687662473358e-01 1.080730019087198790e-01
4.034496222097657681e-01 1.087181177172680813e-01
3.897543233470150970e-01 1.092417453540408673e-01
3.760612342748588244e-01 1.096403792663538934e-01
3.623709690482164181e-01 1.099105232047296321e-01
3.486841963731112104e-01 1.100486874266073112e-01
3.350015237802969059e-01 1.100513908398677021e-01
3.213235643690650623e-01 1.099151589769474940e-01
3.076509627179472295e-01 1.096365249111330709e-01
2.939860600273762614e-01 1.092119223779025872e-01
2.803439680073395723e-01 1.086332367753095884e-01
2.667319954782512159e-01 1.078864096518674098e-01
2.531547611164317590e-01 1.069571173683346449e-01
2.396170073773527254e-01 1.058311983447194349e-01
2.261230717848645710e-01 1.044946095903801775e-01
2.126775881176119765e-01 1.029334840104566551e-01
1.992846758933412010e-01 1.011340430669404739e-01
1.859486759680527290e-01 9.908267148464322549e-02
1.726735018470400285e-01 9.676582083494147946e-02
1.594631408151735152e-01 9.417006908825162337e-02
1.463223209988229745e-01 9.128222035793372158e-02
1.332806237734201205e-01 8.808955460095989343e-02
1.203730911643328683e-01 8.457161363323005554e-02
1.076300957502894090e-01 8.070677465986472732e-02
9.508045755152792766e-02 7.647390946597196204e-02
8.275281279379860522e-02 7.185281065373624876e-02
7.068127029819640250e-02 6.682608445616518289e-02
5.892732722739367490e-02 6.135966515500199114e-02
4.744937712470396335e-02 5.533675022461970877e-02
3.673235243748475265e-02 4.883200719191049116e-02
2.747525151295716547e-02 4.192861583878604304e-02
1.958751157816673860e-02 3.429355158605132403e-02
1.070967259280714012e-02 2.408000920711886317e-02
3.226196040654216723e-03 1.416307347573168320e-02
-1.041415767062507658e-06 6.918785419372084147e-03
-3.509654099921612723e-04 1.667736093475190653e-03
1.433631339074402117e-03 -3.208650232971582087e-03
6.139508344652348446e-03 -8.425325952775437541e-03
1.249328670261852688e-02 -1.176911954215932934e-02
1.991187095137546964e-02 -1.253356046562278253e-02
3.253422476927585183e-02 -1.138693421494870947e-02
4.560790643826907048e-02 -9.920814041043363174e-03
5.773031976523958914e-02 -7.892684292191559647e-03
6.917655476501863299e-02 -4.910251240207469392e-03
7.936784064564482433e-02 -9.387880808026957766e-04
8.475787004721484219e-02 2.928530047090379708e-03
8.905664239688300399e-02 9.823144449939112677e-03
9.342335186752886989e-02 1.550175451618695383e-02
9.742325081465323666e-02 1.753285706685442022e-02
1.020224321508317045e-01 1.755770530692679632e-02
1.060967922126666019e-01 1.562305927496868141e-02
1.112125384269824352e-01 9.523246551270968946e-03
1.161124427632489325e-01 4.176889366198591885e-03
1.229068884352355062e-01 1.135609099960857614e-03
1.325106850146783588e-01 -5.913710413895954593e-04
1.435183110505359738e-01 -4.938477610181737747e-04
1.568579117697800063e-01 6.781745363565656361e-04
1.706386828682527057e-01 1.912211715593768518e-03
1.844195822950894792e-01 3.113885899179818974e-03
1.982003975791597483e-01 4.279577006621761853e-03
2.119808860961868435e-01 5.405670497483244276e-03
2.257608042019902672e-01 6.488560050850137456e-03
2.395399452843578192e-01 7.524650403593987139e-03
2.533180695775948399e-01 8.510351794772077344e-03
2.670949245789600579e-01 9.442081911907665437e-03
2.808703087599309645e-01 1.031627009496672784e-02
2.946439845107986510e-01 1.112935129617766833e-02
3.084156977579914360e-01 1.187776789776096367e-02
3.221852516513542541e-01 1.255797360684375932e-02
3.359524104211697448e-01 1.316642800914004895e-02
3.497169262061589068e-01 1.369959854478827212e-02
3.634786067636375795e-01 1.415396292474815909e-02
3.772372182517135242e-01 1.452600516293518426e-02
3.909925272586270428e-01 1.481221755800388347e-02
4.047461833510586637e-01 1.500926176532170996e-02
4.185191351494260137e-01 1.512157486418424027e-02
4.323177136189971237e-01 1.516475763058026255e-02
4.461417388351756053e-01 1.515542335246611132e-02
4.599911913737587121e-01 1.511036385706708736e-02
4.738660272327898104e-01 1.504655093584186289e-02
4.877451190654502611e-01 1.498123094207009544e-02
5.016004659343155092e-01 1.493169818623943379e-02
5.154566453447526619e-01 1.490823006702563305e-02
5.293300349228591273e-01 1.490210598410550771e-02
5.432147651876638728e-01 1.490123137041050871e-02
5.570848625375709462e-01 1.489346369579437959e-02
5.709368088522802642e-01 1.486672036870369598e-02
5.847705400914845475e-01 1.480900922842916592e-02
5.985858997999996545e-01 1.470842859514800288e-02
6.123916566135346740e-01 1.455486239304876715e-02
6.262005334660301070e-01 1.434794886522639153e-02
6.400128187892301090e-01 1.409076296304685207e-02
6.538285918883814940e-01 1.378639018027059959e-02
6.676479011630594984e-01 1.343792275820747568e-02
6.814708224389662838e-01 1.304845844473097663e-02
6.952974415345281045e-01 1.262110067069908276e-02
7.091278013292499072e-01 1.215896029741810568e-02
7.229619698908738012e-01 1.166515363578664831e-02
7.368000447193231439e-01 1.114280199832283318e-02
7.506420622639153883e-01 1.059503512088971061e-02
7.644880898671104763e-01 1.002498784767319809e-02
7.783382174311398449e-01 9.435800241198300312e-03
7.921924979748493634e-01 8.830620106793741347e-03
8.060509912937929844e-01 8.212601241808469010e-03
8.199137767111932540e-01 7.584902816376408452e-03
8.337809299748186742e-01 6.950690396104694871e-03
8.476524766942284961e-01 6.313138126041659137e-03
8.615238385673317234e-01 5.675637659582192553e-03
8.753906082027878011e-01 5.041572666981095595e-03
8.892528647030805145e-01 4.414114666947784558e-03
9.031106783069986488e-01 3.796429324996909629e-03
9.169641005598238026e-01 3.191676870753479799e-03
9.308132016526213803e-01 2.603010436529637310e-03
9.446580629242746774e-01 2.033576476072005649e-03
9.584987444802949286e-01 1.486516131914730234e-03
9.723352968368468296e-01 9.649646473752115016e-04
9.861678109471055942e-01 4.720495329874302252e-04
9.999963540896713576e-01 1.089308823434757344e-05
