
1.000016158113115505e+00 1.666327484185920198e-04
9.871121568747383002e-01 1.452840296102968047e-03
9.742073977198351109e-01 2.802198252975510433e-03
9.613012610656005430e-01 4.209775270124993356e-03
9.483931857943902477e-01 5.670616123312439104e-03
9.354826148122267204e-01 7.179746817070426813e-03
9.225689284244360522e-01 8.732182549016693010e-03
9.096516157313779827e-01 1.032290717342829872e-02
8.967300279470231672e-01 1.194690292092500349e-02
8.838036530068050789e-01 1.359911652857355088e-02
8.708718685776044577e-01 1.527448998272264331e-02
8.579341145470628094e-01 1.696793864782611058e-02
8.449898052548857619e-01 1.867436237976217994e-02
8.320383374952152744e-01 2.038864451231428218e-02
8.190828000521633845e-01 2.210516053429192190e-02
8.061337901497058755e-01 2.381728312829033134e-02
7.931915612797013626e-01 2.551976980700889838e-02
7.802556112854327486e-01 2.720749724965447133e-02
7.673252738756131119e-01 2.887538245525918951e-02
7.544000325174360366e-01 3.051834170497981849e-02
7.414792646927055308e-01 3.213132357955844620e-02
7.285624134599378854e-01 3.370928687821701797e-02
7.156489074715479681e-01 3.524721079665673468e-02
7.027381413008308986e-01 3.674009686401945307e-02
6.898273873565601289e-01 3.818358459272764432e-02
6.769118451635809386e-01 3.957648910735394460e-02
6.639915245268711574e-01 4.091844384741470664e-02
6.510666176806801930e-01 4.220906919717706818e-02
6.381373206525038366e-01 4.344798526114541926e-02
6.252038297135362743e-01 4.463481226047380512e-02
6.122663363301643624e-01 4.576917097194927592e-02
5.993250408877538460e-01 4.685068151214916848e-02
5.863801323381591102e-01 4.787896509744665741e-02
5.734318088086400866e-01 4.885364230002136460e-02
5.604802631896829146e-01 4.977433423472951007e-02
5.475256889509806379e-01 5.064066207417654286e-02
5.345682831846115812e-01 5.145224687792552404e-02
5.216082354180142655e-01 5.220871030021355386e-02
5.086457443889041974e-01 5.290967355830077795e-02
4.956809996484446423e-01 5.355475850766498042e-02
4.827141964548417041e-01 5.414358680060156470e-02
4.697455286403409147e-01 5.467578028869402723e-02
4.567751865057744776e-01 5.515096106562335926e-02
4.438033682061690022e-01 5.556875104878164495e-02
4.308302610384248665e-01 5.592877263272457572e-02
4.178560614552263019e-01 5.623064802704978021e-02
4.048809601027482663e-01 5.647399971000309493e-02
3.919051486776006787e-01 5.665845021668294845e-02
3.789288221988403316e-01 5.678362214706066113e-02
3.659521681741751964e-01 5.684913827325284441e-02
3.529753831678052456e-01 5.685462139866503950e-02
3.399986547562593997e-01 5.679969445069803224e-02
3.270221757445077038e-01 5.668398043223524252e-02
3.140461381143465069e-01 5.650710244828917317e-02
3.010707295351915391e-01 5.626868361539269503e-02
2.881001477478629669e-01 5.596768497283705068e-02
2.751404446349429711e-01 5.559928446985153844e-02
2.621928818484743351e-01 5.515736048688862220e-02
2.492585959246518268e-01 5.463581615531971220e-02
2.363386876794394686e-01 5.402858076639203977e-02
2.234343782533199096e-01 5.332961758479363990e-02
2.105467030127162464e-01 5.253290841883630907e-02
1.976768147736200909e-01 5.163246891592188081e-02
1.848258316356679032e-01 5.062234085077311346e-02
1.719947925726764415e-01 4.949658672003205001e-02
1.591848352777554820e-01 4.824930423121673306e-02
1.463991758181293346e-01 4.687473356265561136e-02
1.336746600133795482e-01 4.536067835853593161e-02
1.210319074851801679e-01 4.367565234464875629e-02
1.084783702753443074e-01 4.178580705594911460e-02
9.602141878960504529e-02 3.965821377976046919e-02
8.366803399411856801e-02 3.726078044193811833e-02
7.142480713447535434e-02 3.456219489978075432e-02
5.929712276935623916e-02 3.153164213432095575e-02
4.730199115037281993e-02 2.814190943629400407e-02
3.574462911454030084e-02 2.438566005066741121e-02
2.486840732842031387e-02 2.012847744677438017e-02
1.477783383387939499e-02 1.522663793934656007e-02
6.752988724912561969e-03 1.013302564592464747e-02
1.717442960838223669e-03 4.744414082911012874e-03
2.847424138060167340e-04 1.168670601703083968e-03
6.014975664213389681e-04 -1.466330955111380023e-03
2.851412055655071914e-03 -4.700037111982113477e-03
8.459198871845062528e-03 -8.490129343305277340e-03
1.778418090466473561e-02 -1.183459581846373239e-02
2.922997750882627352e-02 -1.468175237818528621e-02
4.126694639254467611e-02 -1.711780099179427417e-02
5.349365775774380521e-02 -1.914953763241404941e-02
6.589830667091442495e-02 -2.083583716119186136e-02
7.846712952308237954e-02 -2.223872244373058596e-02
9.118578120454125246e-02 -2.342383967639169798e-02
1.040317394237959825e-01 -2.445969466080699303e-02
1.169154800614880113e-01 -2.538761445525388252e-02
1.298089057315790773e-01 -2.621336980144054959e-02
1.427117847955615415e-01 -2.694113932826561544e-02
1.556239642186343919e-01 -2.757511863748249997e-02
1.685452654889802171e-01 -2.811951355447775761e-02
1.814754598280083064e-01 -2.857854037615930459e-02
1.944144070301337679e-01 -2.895643118721903664e-02
2.073618518617422191e-01 -2.925742712364442014e-02
2.203176073620423114e-01 -2.948578452424961693e-02
2.332814733107251570e-01 -2.964577227936241247e-02
2.462531957349644307e-01 -2.974167207263321219e-02
2.592326235891669328e-01 -2.977777975495484938e-02
2.722194715619988270e-01 -2.975840397581749897e-02
2.852135573681752745e-01 -2.968786724514606637e-02
2.982146450012265748e-01 -2.957050565716540930e-02
3.112224992054208883e-01 -2.941066913181056980e-02
3.242369304325993795e-01 -2.921272064505884419e-02
3.372576600776229228e-01 -2.898103822520615991e-02
3.502845014221918629e-01 -2.872001220929251350e-02
3.633130769659671522e-01 -2.843321289912304276e-02
3.763394896557445968e-01 -2.812075672544345900e-02
3.893636627873054423e-01 -2.778187284699696821e-02
4.023855297444889900e-01 -2.741579064598989243e-02
4.154050225770009042e-01 -2.702173998308113334e-02
4.284220818625983362e-01 -2.659895088177736955e-02
4.414366327905182574e-01 -2.614665429074868389e-02
4.544486212323717300e-01 -2.566408088173485411e-02
4.674579715948247172e-01 -2.515046252007200125e-02
4.804646273984721216e-01 -2.460503077250858484e-02
4.934685190968892132e-01 -2.402701814198637126e-02
5.064695830872965043e-01 -2.341565731396423947e-02
5.194677575825585869e-01 -2.277018129058695425e-02
5.324629717693494246e-01 -2.208982394769594751e-02
5.454551709216923783e-01 -2.137381873968074997e-02
5.584442794711115265e-01 -2.062140066621203152e-02
5.714302443085047534e-01 -1.983180387315493232e-02
5.844129950372775051e-01 -1.900426391867178488e-02
5.973924710997586818e-01 -1.813801617647812017e-02
6.103724128043481745e-01 -1.723268095526583540e-02
6.233608180814756983e-01 -1.629238738474781886e-02
6.363582725917996674e-01 -1.532395933585910773e-02
6.493652826461386862e-01 -1.433426926524498587e-02
6.623821347149185801e-01 -1.333024018381458523e-02
6.754092212084016333e-01 -1.231882138225061027e-02
6.884351441349021439e-01 -1.130790909360942197e-02
7.014507739726267843e-01 -1.030522055514529814e-02
7.144565368905027025e-01 -9.317698285360906038e-03
7.274528343939858921e-01 -8.352252564778986713e-03
7.404400329668860969e-01 -7.415762220085644375e-03
7.534185895500691288e-01 -6.515065820961938627e-03
7.663888022817132439e-01 -5.656979369991294027e-03
7.793511649507408601e-01 -4.848272270774035830e-03
7.923059948462879420e-01 -4.095692272265556190e-03
8.052548407490557336e-01 -3.405795642492859786e-03
8.182073649715853048e-01 -2.781188030821897528e-03
8.311656481817765174e-01 -2.220384149975756800e-03
8.441293517415596748e-01 -1.721730405738342538e-03
8.570981773628438827e-01 -1.283569538190204888e-03
8.700717849701284923e-01 -9.042437760681687085e-04
8.830498599407055060e-01 -5.820923821218355670e-04
8.960320818500999707e-01 -3.154527983676263234e-04
9.090181135485174702e-01 -1.026606821299014694e-04
9.220076538068771033e-01 5.795096750851491294e-05
9.350003522515821786e-01 1.680505377968063746e-04
9.479959014194545563e-01 2.293089970203249770e-04
9.609939648310585891e-01 2.433991376906475038e-04
9.739942163833444910e-01 2.119959276999084079e-04
9.869963376702612923e-01 1.367763370053214555e-04
9.999999833503939728e-01 1.941957509752556546e-05
