
1.000003911411001978e+00 2.768071568127538707e-04
9.876247845085568411e-01 5.670449682616095742e-03
9.751463745025801266e-01 1.084825392832906854e-02
9.625739060026634597e-01 1.581041482515600782e-02
9.499126074157245858e-01 2.055714048372039512e-02
9.371677708644614579e-01 2.508863042948819566e-02
9.243446743124230647e-01 2.940510578615149889e-02
9.114486110479945724e-01 3.350679747852033930e-02
8.984849170022353171e-01 3.739393846881685496e-02
8.854559505916416162e-01 4.106785235585100335e-02
8.723377121757772690e-01 4.454865925938401167e-02
8.591292695391814505e-01 4.786641972773714171e-02
8.458377821217397674e-01 5.105074527948594981e-02
8.324713825188982952e-01 5.413166393218946798e-02
8.190378177187310760e-01 5.713997035190735568e-02
8.055453270774056707e-01 6.010703385988536152e-02
7.920072443083141511e-01 6.306352372872088552e-02
7.784669777938859614e-01 6.602147141903214056e-02
7.649338089313652000e-01 6.898325480131296816e-02
7.514081113785852084e-01 7.195195363865046490e-02
7.378902736507033655e-01 7.493063831816702824e-02
7.243806639066768804e-01 7.792237760503709088e-02
7.108796688936060981e-01 8.093023007171747107e-02
6.973876528730663660e-01 8.395725322368846610e-02
6.839049989198019430e-01 8.700649432053134125e-02
6.704320689209456452e-01 9.008099938104492665e-02
6.569692403246499834e-01 9.318380491146757705e-02
6.435168740799361853e-01 9.631794524963517568e-02
6.300753400214769151e-01 9.948644677763665567e-02
6.166448356690638066e-01 1.026923708936021418e-01
6.032075357846381491e-01 1.059386063434067660e-01
5.897456080146014079e-01 1.092124176243033234e-01
5.762809773956832915e-01 1.124878635432570440e-01
5.628402772573289914e-01 1.157378403775405906e-01
5.494198992627048472e-01 1.189428389677619352e-01
5.360161369754585792e-01 1.220836284465669774e-01
5.226252201713157408e-01 1.251412430322239588e-01
5.092436302775898982e-01 1.280969064390775625e-01
4.958675483599967460e-01 1.309321517993649042e-01
4.824936588027145534e-01 1.336286438116773834e-01
4.691180984476461258e-01 1.361683940806199811e-01
4.557373910375770998e-01 1.385335620443316484e-01
4.423478870188040646e-01 1.407065599724330318e-01
4.289438334997326407e-01 1.426706736072285708e-01
4.155202911266620003e-01 1.444132799102652298e-01
4.020826009513798205e-01 1.459229070677642570e-01
3.886368010829027164e-01 1.471881226542434973e-01
3.751890223531967328e-01 1.481975963660099038e-01
3.617450710587131746e-01 1.489401344758542467e-01
3.483107657483995867e-01 1.494046452256488633e-01
3.348919414674171868e-01 1.495801457548524283e-01
3.214941177393420557e-01 1.494557633992045220e-01
3.081227360343689603e-01 1.490207159745729204e-01
2.947831652120043722e-01 1.482643074514791437e-01
2.814743759767075471e-01 1.471766332499369889e-01
2.681935761641542904e-01 1.457549300884404542e-01
2.549499213649172868e-01 1.440000808244170372e-01
2.417527709737772590e-01 1.419130277445157795e-01
2.286114713674300691e-01 1.394947508306142725e-01
2.155353523180535136e-01 1.367462664859077637e-01
2.025337275672345061e-01 1.336686271112192959e-01
1.896158966576350080e-01 1.302629214953342496e-01
1.767911122017551406e-01 1.265302653565151814e-01
1.640686044232579355e-01 1.224718058427918949e-01
1.514575790452457049e-01 1.180887207737119915e-01
1.389671947951211517e-01 1.133822098825797847e-01
1.266065559657342798e-01 1.083534886670146496e-01
1.143847305888730792e-01 1.030037925394454157e-01
1.023107572149918321e-01 9.733437890181800833e-02
9.039359114661739414e-02 9.134649930434096676e-02
7.864213924918780907e-02 8.504140977036520055e-02
6.713342901917795924e-02 7.844621530395196052e-02
5.607028937043805755e-02 7.156606653755978598e-02
4.554757320689083178e-02 6.431433867983717134e-02
3.564233556562549504e-02 5.660870586762244833e-02
2.641814796293823903e-02 4.837004850172516024e-02
1.792584366572581508e-02 3.951682201112242943e-02
1.060197303041015594e-02 3.032267037006063787e-02
5.142642666721181956e-03 2.114250456617443666e-02
1.654254996030933263e-03 1.178922106220772759e-02
1.261590369396754221e-04 2.260629287285603403e-03
6.290306297140590410e-04 -7.238621958138344477e-03
3.145155533168447065e-03 -1.677821932395659119e-02
7.553451702139623442e-03 -2.589699799807540850e-02
1.384374988582972969e-02 -3.459543356140626358e-02
2.185111875361315029e-02 -4.294222657673343185e-02
3.094908406256175956e-02 -5.062741230956144256e-02
4.084646322900897103e-02 -5.754086525116099832e-02
5.148808986612533889e-02 -6.376662342910695280e-02
6.279242932829406931e-02 -6.938346702326522730e-02
7.465655724042150054e-02 -7.447764746559415450e-02
8.688301403018706959e-02 -7.910077238249389742e-02
9.929196679210793020e-02 -8.322592628974172235e-02
1.118608031155640392e-01 -8.685500678557357690e-02
1.245694488449092252e-01 -8.999104810947214372e-02
1.373975094105333028e-01 -9.263716001144141343e-02
1.503242666394278282e-01 -9.479655917649652819e-02
1.633287104440530602e-01 -9.647260439008452371e-02
1.763906354675992827e-01 -9.766896080430226279e-02
1.895111220231141536e-01 -9.839633720141689743e-02
2.026873471150409112e-01 -9.867481647451614712e-02
2.159094670588431186e-01 -9.852526338771737391e-02
2.291670615508783204e-01 -9.796890888181107593e-02
2.424492535571050600e-01 -9.702740678628503368e-02
2.557448143522694783e-01 -9.572286249847329620e-02
2.690418621085559070e-01 -9.407789423696590048e-02
2.823284269652451273e-01 -9.211559412290823423e-02
2.955925960568515087e-01 -8.985948284487381421e-02
3.088287396703086052e-01 -8.733277042489148712e-02
3.220423724293117740e-01 -8.455792820946637922e-02
3.352401394225235642e-01 -8.155767835597664550e-02
3.484282182980174003e-01 -7.835521721255078731e-02
3.616128400514151964e-01 -7.497413584252950181e-02
3.748005517798465025e-01 -7.143836210718433610e-02
3.879973432632191632e-01 -6.777240847616519681e-02
4.012099090507368349e-01 -6.400104523070240803e-02
4.144444851788350315e-01 -6.014963001977336604e-02
4.277078633484764358e-01 -5.624382980162262458e-02
4.410008512672168313e-01 -5.231155747564955605e-02
4.542759246748163671e-01 -4.839532659051500041e-02
4.675388716334826777e-01 -4.451632657478531846e-02
4.807985357380289981e-01 -4.068419747618091248e-02
4.940570047515357999e-01 -3.690929597343936552e-02
5.073162870098673061e-01 -3.320192779043265596e-02
5.205783958276348766e-01 -2.957232354536479257e-02
5.338453609912776621e-01 -2.603063660790928477e-02
5.471191113107353177e-01 -2.258697465424629180e-02
5.604017313199394223e-01 -1.925133313228452256e-02
5.736950581489714818e-01 -1.603369882833089247e-02
5.870012198334498832e-01 -1.294391690342838394e-02
6.003221002932259687e-01 -9.991822610791237930e-03
6.136597509568009201e-01 -7.187145360688634160e-03
6.270209989815682672e-01 -4.537764173356695872e-03
6.404180398190322254e-01 -2.042646204243274161e-03
6.538494313241031142e-01 3.007784790030648865e-04
6.673129642386709248e-01 2.494974795469269077e-03
6.808063654124922870e-01 4.542403790602858767e-03
6.943273787633645888e-01 6.445536841238592649e-03
7.078737515085760101e-01 8.206852669719407259e-03
7.214431794375912865e-01 9.828830614019764059e-03
7.350334181042604831e-01 1.131396455068390400e-02
7.486421431971945761e-01 1.266474639038414618e-02
7.622670772702020425e-01 1.388368045343045705e-02
7.759059156644620980e-01 1.497327530492103230e-02
7.895563390580110363e-01 1.593604558438618118e-02
8.032160610261884770e-01 1.677451507641154749e-02
8.168807049976163359e-01 1.749097100285204251e-02
8.305196624805173400e-01 1.807666201792374611e-02
8.441236188415790487e-01 1.850809498103554371e-02
8.576931051117077098e-01 1.876116761680024156e-02
8.712286991747102416e-01 1.881217063749235710e-02
8.847314380947945978e-01 1.863776673298718489e-02
8.982021567631179870e-01 1.821496465046335347e-02
9.116317303862699895e-01 1.752080434301598807e-02
9.249316740256003921e-01 1.650996269407430800e-02
9.380528039338119628e-01 1.510588058210854748e-02
9.509635632710193853e-01 1.323434471796583467e-02
9.636360566670212346e-01 1.082578108357000989e-02
9.760469612841237153e-01 7.814354596205897938e-03
9.881780915858411340e-01 4.136605863883451549e-03
1.000017140032010365e+00 -2.706307168068566578e-04
