
1.000000106298026825e+00 9.332127315434990449e-06
9.864466598985466295e-01 3.273549894986995811e-04
9.729058273577193550e-01 7.659341154769165648e-04
9.593811249876778025e-01 1.334361145954326587e-03
9.458758909197395592e-01 2.041870423386810737e-03
9.323935001524961130e-01 2.897632121650184963e-03
9.189373534943029442e-01 3.910749785192569640e-03
9.055106682509140859e-01 5.090276794311692291e-03
8.921168358237582252e-01 6.445188218679511263e-03
8.787590003890710655e-01 7.984418943245917208e-03
8.654403541960884461e-01 9.716839322992545588e-03
8.521640979665101590e-01 1.165125660218610179e-02
8.388704448527686264e-01 1.379528522357880219e-02
8.254367729146987465e-01 1.609198169291829739e-02
8.119618088075326590e-01 1.841191510758748498e-02
7.986212103548875341e-01 2.061079194462170014e-02
7.851607556870809912e-01 2.268655786676807701e-02
7.717510206644643267e-01 2.477117423819043956e-02
7.586553292102565793e-01 2.701196419987319380e-02
7.458572043322809764e-01 2.957829086082702785e-02
7.329662235358805900e-01 3.257985093993853720e-02
7.197989317469516424e-01 3.587353440843477764e-02
7.066419967964413518e-01 3.915816868134246176e-02
6.936757675906147780e-01 4.216661044729895502e-02
6.804262480449274619e-01 4.500386205408977297e-02
6.671405944223607332e-01 4.783431303097056969e-02
6.542267416928755353e-01 5.079813269380051288e-02
6.415850919637640093e-01 5.410441961584849802e-02
6.288145941144425155e-01 5.782711846344407852e-02
6.158268062291072376e-01 6.181856606659101583e-02
6.028280267045553753e-01 6.581814169189166563e-02
5.899403200694176563e-01 6.960894973636916339e-02
5.769147517723451912e-01 7.325944028746536607e-02
5.637542862765840823e-01 7.684232129848253545e-02
5.505202990184429046e-01 8.041829332215227888e-02
5.374559019193249076e-01 8.401556877631298492e-02
5.246954318349630331e-01 8.775165597470566126e-02
5.122830252544733343e-01 9.177047624326184483e-02
5.002552537952805745e-01 9.620183134066913333e-02
4.883398808309508121e-01 1.012254309999561924e-01
4.761401301908780859e-01 1.067944914792367805e-01
4.638121441048236315e-01 1.124976860105112997e-01
4.518233054439136365e-01 1.177595238521549487e-01
4.398749966199628214e-01 1.224443326759414863e-01
4.275886751295715493e-01 1.267261545764457042e-01
4.149652070500234879e-01 1.307304234578935687e-01
4.020246755676599726e-01 1.345881615164992162e-01
3.889308676845717461e-01 1.383733322617639871e-01
3.759291019393547484e-01 1.419642222272581855e-01
3.630246769062570045e-01 1.452471579725497786e-01
3.502197033162448014e-01 1.481177953840027706e-01
3.375170459846945636e-01 1.504798454616394499e-01
3.249166175442379512e-01 1.522453415957024936e-01
3.124155353320500761e-01 1.533335302112456833e-01
3.000048151465252722e-01 1.536695243985579384e-01
2.875084480081170346e-01 1.532093260636191168e-01
2.747900435515648887e-01 1.520256705965347954e-01
2.618963690530052291e-01 1.502324769663355153e-01
2.488797357475037997e-01 1.479586942535332239e-01
2.358337755929172108e-01 1.453395949122074093e-01
2.227669248167087612e-01 1.424553574376297149e-01
2.096270633458893751e-01 1.393692374063855710e-01
1.963818980359154365e-01 1.361520729677754560e-01
1.833435928791468938e-01 1.328571454985204292e-01
1.707056599776453909e-01 1.293341501858457643e-01
1.585430033602697464e-01 1.254132885953267718e-01
1.468938132086574366e-01 1.209398699793733239e-01
1.353583457214652119e-01 1.157154040400676237e-01
1.236756945829641657e-01 1.098234409131980255e-01
1.117172601998951548e-01 1.034652072617943258e-01
9.973966761871441711e-02 9.710078048808487572e-02
8.786441668144574779e-02 9.089513519928854590e-02
7.719955599247382838e-02 8.474199217200699408e-02
6.754107896338934491e-02 7.796011581265734069e-02
5.793757293614524434e-02 7.000073731586602122e-02
4.809273406299327536e-02 6.107916279088648065e-02
3.806564317300013128e-02 5.181791169258460200e-02
2.864842451500565143e-02 4.304514666990084254e-02
2.085779645802888702e-02 3.453687477723560439e-02
1.322524517096038826e-02 2.454105309178227987e-02
6.191909530052923209e-03 1.425147908043836523e-02
1.701731180250932399e-03 5.305638149509317794e-03
-2.893674813401213622e-04 -2.904046116204518635e-03
-1.051827111681767266e-04 -1.172958260289955201e-02
2.333756803728719194e-03 -2.109793778041803985e-02
6.955493084648383881e-03 -3.018659884886143105e-02
1.332207595634607444e-02 -3.803602612854341952e-02
2.076319455877563558e-02 -4.390911601207310444e-02
2.878071764603697819e-02 -4.753707130461260616e-02
3.787479724339198883e-02 -4.924370474511009094e-02
4.794346702319553927e-02 -4.913510840997166451e-02
5.929459764318650850e-02 -4.737068552570362912e-02
7.220286152174179573e-02 -4.446206920855727551e-02
8.484800655825876226e-02 -4.189699551707378594e-02
9.782999535298449179e-02 -3.978677988846136826e-02
1.111285147742154950e-01 -3.789352333005574502e-02
1.244817246366657637e-01 -3.617050906344258104e-02
1.378804234839790532e-01 -3.460443159011028502e-02
1.513219749510473500e-01 -3.318107882966324362e-02
1.648037642828812932e-01 -3.188608695016139499e-02
1.783232182340173944e-01 -3.070493988594504703e-02
1.918774935565517592e-01 -2.962299418391173625e-02
2.054640732533906666e-01 -2.862542768473627999e-02
2.190799801517487322e-01 -2.769730026994980665e-02
2.327227002289256053e-01 -2.682348517321960987e-02
2.463892293176212500e-01 -2.598873354531634761e-02
2.600699155238387905e-01 -2.517924775995902462e-02
2.737460716648473236e-01 -2.439271785870874079e-02
2.874175071927063674e-01 -2.363162960200700449e-02
3.010851299928145042e-01 -2.289845547656198591e-02
3.147497710952440464e-01 -2.219566811345668328e-02
3.284123395696131320e-01 -2.152573203958500769e-02
3.420736686197662912e-01 -2.089111163184114925e-02
3.557363173118753830e-01 -2.029403754866036802e-02
3.694139523193131214e-01 -1.973088266577188374e-02
3.831086461531197362e-01 -1.919185854148999434e-02
3.968195001959375912e-01 -1.866683255301482616e-02
4.105410325237887625e-01 -1.814654749593119440e-02
4.242630570984265992e-01 -1.762816128594244663e-02
4.379851385651062912e-01 -1.711152931448258266e-02
4.517072897735850967e-01 -1.659651094543907954e-02
4.654295194334448493e-01 -1.608296568590300568e-02
4.791518400491132645e-01 -1.557075288820426208e-02
4.928742606979132357e-01 -1.505973202032132724e-02
5.065967935097301922e-01 -1.454976242388599829e-02
5.203194479335988554e-01 -1.404070352780153672e-02
5.340422357209737569e-01 -1.353241466294883254e-02
5.477651666965204225e-01 -1.302475521915398733e-02
5.614882522294086797e-01 -1.251758451653991328e-02
5.752115025238083712e-01 -1.201076190581297498e-02
5.889349285627822894e-01 -1.150414669637795165e-02
6.026584931740401885e-01 -1.099759996262066226e-02
6.163819044936731384e-01 -1.049099217189092791e-02
6.301051152068282146e-01 -9.984184772353753984e-03
6.438281364825746422e-01 -9.477037065931346108e-03
6.575509783374737793e-01 -8.969408409650780206e-03
6.712736523267943678e-01 -8.461158116140017615e-03
6.849961680875011893e-01 -7.952145581564786653e-03
6.987185375572442236e-01 -7.442230129292381688e-03
7.124408572014290231e-01 -6.931777468724264341e-03
7.261583353298538546e-01 -6.424033192465799375e-03
7.398702786891395711e-01 -5.922973176873326528e-03
7.535768395139686993e-01 -5.432532533366532697e-03
7.672780565029663213e-01 -4.956640563695102752e-03
7.809740875207977773e-01 -4.499212515890593962e-03
7.946649659227968954e-01 -4.064158022990481053e-03
8.083508526064935307e-01 -3.655372769236302742e-03
8.220317789724569391e-01 -3.276746639118316949e-03
8.357079065200531121e-01 -2.932156042466856419e-03
8.493792931642240029e-01 -2.625470550517782376e-03
8.630547720613972462e-01 -2.358479592467950699e-03
8.767445971576738328e-01 -2.124273160112617482e-03
8.904485279478741022e-01 -1.913634561672064756e-03
9.041665208721210156e-01 -1.717289030584944831e-03
9.178954494296998057e-01 -1.525949757238408231e-03
9.316148196771014689e-01 -1.330535406096573564e-03
9.453203389010442770e-01 -1.121769809261537881e-03
9.590116749097676863e-01 -8.903770587275791452e-04
9.726887785876310311e-01 -6.271317273619282390e-04
9.863513228537436062e-01 -3.228681650608012624e-04
9.999992700690859548e-01 3.153111818692729278e-05
