
9.999682259788652550e-01 -1.224163752774068722e-05
9.868052323296883088e-01 1.080056658590085924e-03
9.736279494162878301e-01 2.169671684131705466e-03
9.604449980930129804e-01 3.260176880791238602e-03
9.472627619369483609e-01 4.355328984834096542e-03
9.340824120696644695e-01 5.459303722220679514e-03
9.209050529741753532e-01 6.576269943452301564e-03
9.077318272781847996e-01 7.710380942585240947e-03
8.945638666210911083e-01 8.865778592170282801e-03
8.814022841842250600e-01 1.004659412330675787e-02
8.682482419217930625e-01 1.125694208580498880e-02
8.551028190360278058e-01 1.250093235063159600e-02
8.419672108504119290e-01 1.378265154926090752e-02
8.288424774689925334e-01 1.510618699257075537e-02
8.157297912451545452e-01 1.647560262704119219e-02
8.026302493817057959e-01 1.789495759451531498e-02
7.895449779487299091e-01 1.936829571967801575e-02
7.764751141769530296e-01 2.089964694851931606e-02
7.634217331706629750e-01 2.249303609351131078e-02
7.503860117013350095e-01 2.415246305358352899e-02
7.373689968988706989e-01 2.588193133330138340e-02
7.243718288778634440e-01 2.768542007631439456e-02
7.113956003156738372e-01 2.956690199517916784e-02
6.984412508901894912e-01 3.153035876205237398e-02
6.855009885689808957e-01 3.357899875237625037e-02
6.725681892092087999e-01 3.570982015090685968e-02
6.596413951696972200e-01 3.791794262473489191e-02
6.467192197507830587e-01 4.019845660524856007e-02
6.338002695257968222e-01 4.254643525467383114e-02
6.208830966175445942e-01 4.495694339994840694e-02
6.079663599662146201e-01 4.742500730290513666e-02
5.950485855539122682e-01 4.994565941395422842e-02
5.821284292600025223e-01 5.251388800179321303e-02
5.692044498829479382e-01 5.512468089382713266e-02
5.562752505191838059e-01 5.777299769145644026e-02
5.433394327967687731e-01 6.045377853133977741e-02
5.303955513624694085e-01 6.316195359005087606e-02
5.174422431694616353e-01 6.589241602350397187e-02
5.044780193318340045e-01 6.864006557725647883e-02
4.914996585371613769e-01 7.139933738039895561e-02
4.785346853232075870e-01 7.414832362989309811e-02
4.655949358049954467e-01 7.686215719636092791e-02
4.526791361611563480e-01 7.951897493447095122e-02
4.397857977964379494e-01 8.209729085327654996e-02
4.269135483758655369e-01 8.457592230861463167e-02
4.140613162275606496e-01 8.693395620470269203e-02
4.012276212545292653e-01 8.915087950210195955e-02
3.884113578049963045e-01 9.120643133151716542e-02
3.756113278375410314e-01 9.308068773771809024e-02
3.628260906315797230e-01 9.475407039135252951e-02
3.500543447518750795e-01 9.620728083616197912e-02
3.372947285991613753e-01 9.742132284360648098e-02
3.245454427115904150e-01 9.837751411208771335e-02
3.118046812615770658e-01 9.905741159758491010e-02
2.990701112407112561e-01 9.944280941909164340e-02
2.863148977694348063e-01 9.952204785784249386e-02
2.735259003202434869e-01 9.930147928209985542e-02
2.607110777906930243e-01 9.879064797316700064e-02
2.478784791951956501e-01 9.799922504667585299e-02
2.350362552131923799e-01 9.693700937769363091e-02
2.221927676889153824e-01 9.561394092566299907e-02
2.093563775401627580e-01 9.404008403331784449e-02
1.965354400010117797e-01 9.222561708117640866e-02
1.837384746871256469e-01 9.018085201189655897e-02
1.709740378077378997e-01 8.791621696727995594e-02
1.582506505728335788e-01 8.544223673461406876e-02
1.455839108765552559e-01 8.277057214042538025e-02
1.330622923238998223e-01 7.990240092819871076e-02
1.207226500366559985e-01 7.678990479561716154e-02
1.085771057673187018e-01 7.337935471856123215e-02
9.663566451028492155e-02 6.961895419007520236e-02
8.490637654083095509e-02 6.545844096142723612e-02
7.339518645976154942e-02 6.084846619945680213e-02
6.212235779188631651e-02 5.574855813100143553e-02
5.116593309177609045e-02 5.014910927556495007e-02
4.061298068892697094e-02 4.404909257943884909e-02
3.054525074401857540e-02 3.744971366060945162e-02
2.111110415502811741e-02 3.040061214838957540e-02
1.259193296049116069e-02 2.279245127528797821e-02
5.379406505640688813e-03 1.445772058726413518e-02
1.365591759063440342e-03 7.155820006694627727e-03
2.075085431040184832e-04 1.427940745989409073e-03
1.079694679091928273e-03 -3.711597477182952947e-03
4.296640062297216005e-03 -9.368499345764991909e-03
9.985418310436023487e-03 -1.465351979780271652e-02
1.726585412117469936e-02 -1.823681845312860941e-02
2.749186852518601884e-02 -2.066356466766759367e-02
3.924907597000214243e-02 -2.231214497999050445e-02
5.121565141320227887e-02 -2.315618729003962248e-02
6.344328430923587558e-02 -2.333563684348360576e-02
7.597128755704625480e-02 -2.300576454765599493e-02
8.871010392579646575e-02 -2.232421566857413497e-02
1.015773905185479165e-01 -2.138229493692151914e-02
1.145761465488307485e-01 -2.025721017884405881e-02
1.277093583800048282e-01 -1.903107038622944835e-02
1.408501745546084927e-01 -1.780300678739904149e-02
1.538723005148609491e-01 -1.667185836487269576e-02
1.668806253049884003e-01 -1.567906673928333786e-02
1.799120258267437600e-01 -1.481510540106895091e-02
1.929661604053780621e-01 -1.406808736244577647e-02
2.060428897690382011e-01 -1.342601384479278140e-02
2.191418017754279413e-01 -1.287679839745552168e-02
2.322625846918356662e-01 -1.240824375329279382e-02
2.454049693099667473e-01 -1.200804537812455615e-02
2.585684612044696351e-01 -1.166379729236291518e-02
2.717528829752057784e-01 -1.136297523855271663e-02
2.849576826555114129e-01 -1.109295334897404846e-02
2.981826188357351581e-01 -1.084098664093605981e-02
3.114199939600312272e-01 -1.059572806464043580e-02
3.246579364924798705e-01 -1.035415479713543488e-02
3.378961701566903231e-01 -1.011614113932808763e-02
3.511346909913358738e-01 -9.881561868955187830e-03
3.643734957105783656e-01 -9.650291741100663553e-03
3.776125797074368906e-01 -9.422205523173710420e-03
3.908519403387117341e-01 -9.197177937900157668e-03
4.040915723551999905e-01 -8.975083741697574904e-03
4.173314737530625651e-01 -8.755797625549942634e-03
4.305716388002808759e-01 -8.539194331760755971e-03
4.438120656611529991e-01 -8.325148527720604291e-03
4.570527487524198573e-01 -8.113534931069237705e-03
4.702936857666057402e-01 -7.904228195897604684e-03
4.835348717515898787e-01 -7.697103007683607501e-03
4.967763037696425465e-01 -7.492034009350358008e-03
5.100179774964842538e-01 -7.288895854735203718e-03
5.232598893675358687e-01 -7.087563175102070713e-03
5.365020356830555448e-01 -6.887910593094413551e-03
5.497444122550096957e-01 -6.689812727899962369e-03
5.629870160048900951e-01 -6.493144171340925128e-03
5.762298421245923841e-01 -6.297779530185367708e-03
5.894728881535387099e-01 -6.103593365733588419e-03
6.027161486669243562e-01 -5.910460272063319115e-03
6.159596218187970429e-01 -5.718254780179709770e-03
6.292033017914290260e-01 -5.526851468091855367e-03
6.424471866889356342e-01 -5.336124846203396666e-03
6.556912710484935625e-01 -5.145949465631796498e-03
6.689355524508829864e-01 -4.956199822912690789e-03
6.821800260395389781e-01 -4.766750438787814396e-03
6.954246887903587915e-01 -4.577475796965374023e-03
7.086694701131498464e-01 -4.388251335773542781e-03
7.219140870363691675e-01 -4.198955522169546192e-03
7.351585021700506317e-01 -4.009463321964933449e-03
7.484027121629470702e-01 -3.819649225420988347e-03
7.616467124848136372e-01 -3.629387750481696730e-03
7.748905003895987242e-01 -3.438553400244037574e-03
7.881340707404844714e-01 -3.247020723015765515e-03
8.013774213999667051e-01 -3.054664234543777966e-03
8.146205466213279900e-01 -2.861358513712345276e-03
8.278634446499458788e-01 -2.666978092034204880e-03
8.411061098129655189e-01 -2.471397569138454858e-03
8.543485399751561404e-01 -2.274491503374683095e-03
8.675907300025653690e-01 -2.076134508252792596e-03
8.808326771417255285e-01 -1.876201172589796922e-03
8.940743768790727630e-01 -1.674566122376836474e-03
9.073158258395934705e-01 -1.471103977190107341e-03
9.205570201335018243e-01 -1.265689375166746808e-03
9.337979557609232817e-01 -1.058196967007320752e-03
9.470386294592576526e-01 -8.485014025860485769e-04
9.602790366004599898e-01 -6.364773641670557619e-04
9.735191745525294538e-01 -4.219995128783365305e-04
9.867590380559394525e-01 -2.049425630616046967e-04
9.999986251127128689e-01 1.481881345995584123e-05
