
1.000059702854060983e+00 9.952563117375019417e-05
9.867426372088278219e-01 1.010627551270230689e-03
9.734353907286793506e-01 2.011161594628288907e-03
9.601378242945086683e-01 3.099610788387086990e-03
9.468498163297820458e-01 4.274455954069771892e-03
9.335712490383365481e-01 5.534176454335729654e-03
9.203019857669367809e-01 6.877252413600882207e-03
9.070419248197700846e-01 8.302159333902063912e-03
8.937909293627381846e-01 9.807375168048642830e-03
8.805488944901047610e-01 1.139137314545438963e-02
8.673156995251867230e-01 1.305262692425999092e-02
8.540912245918249601e-01 1.478960881640959887e-02
8.408753685881400486e-01 1.660078722959220515e-02
8.276679966407675115e-01 1.848463376677693393e-02
8.144690192992952715e-01 2.043961219818061364e-02
8.012783088363711892e-01 2.246419028554595687e-02
7.880957640019958799e-01 2.455683034392149716e-02
7.749212739418819273e-01 2.671599454347414401e-02
7.617547229254091334e-01 2.894014433868615302e-02
7.485960172179763061e-01 3.122773584012470544e-02
7.354450268407907165e-01 3.357722981909404270e-02
7.223016679527921591e-01 3.598707726280676866e-02
7.091658160471577821e-01 3.845573480797082055e-02
6.960373762947402732e-01 4.098165197036911234e-02
6.829162385016490644e-01 4.356327944109213146e-02
6.698022943194409384e-01 4.619906592209116480e-02
6.566954480452225074e-01 4.888745584341962214e-02
6.435955781810032139e-01 5.162689722195819286e-02
6.305026002774216654e-01 5.441582865854961010e-02
6.174163874433937771e-01 5.725269600808897269e-02
6.043368546037117817e-01 6.013593444125536758e-02
5.912638835644395963e-01 6.306398460345712109e-02
5.781973769304518118e-01 6.603528084322049518e-02
5.651372284855388228e-01 6.904825773971103031e-02
5.520833289440169045e-01 7.210134889494228261e-02
5.390355833262336915e-01 7.519298283518573156e-02
5.259938708933851181e-01 7.832159246820222243e-02
5.129581064319380657e-01 8.148560049265252125e-02
4.999281604384000488e-01 8.468343860304089477e-02
4.869039502779330952e-01 8.791352535107542499e-02
4.738853515964591701e-01 9.117428784797758368e-02
4.608722712158268564e-01 9.446414375740498637e-02
4.478433165279855355e-01 9.778049740649570609e-02
4.348556566039266658e-01 1.010681649512050195e-01
4.219288540961647072e-01 1.042721998633197866e-01
4.090537688848615572e-01 1.073465596169755898e-01
3.962209155404560756e-01 1.102468426910306054e-01
3.834217549742965914e-01 1.129299305135286480e-01
3.706474125055940760e-01 1.153542262225850240e-01
3.578887210097836391e-01 1.174795353600344705e-01
3.451364246440031258e-01 1.192669073083932191e-01
3.323541199771439247e-01 1.206866620092402753e-01
3.195005943435373919e-01 1.217412342095684080e-01
3.065904052456894791e-01 1.224385431779872885e-01
2.936394303341518519e-01 1.227865914202729697e-01
2.806637212382671609e-01 1.227935761245951135e-01
2.676794149314616345e-01 1.224678852588650946e-01
2.547049091927613973e-01 1.218179940104790748e-01
2.417648404104185689e-01 1.208479185442817433e-01
2.288689822070837931e-01 1.195559451546634039e-01
2.160245574010014047e-01 1.179400272196765714e-01
2.032387032808971594e-01 1.159981281081710336e-01
1.905184931636646484e-01 1.137282170967299916e-01
1.778709530226134372e-01 1.111282673174454061e-01
1.653030526404903333e-01 1.081962498568204978e-01
1.528217088599356788e-01 1.049301294134599855e-01
1.404337284151480070e-01 1.013278416520489028e-01
1.281458794695256587e-01 9.738730293606337463e-02
1.159722241538837240e-01 9.310821891798640171e-02
1.039671325965322163e-01 8.848966266593234764e-02
9.216843259892444629e-02 8.351216111340535597e-02
8.060793744445438058e-02 7.815475757299344961e-02
6.931621328154735640e-02 7.239713789125629129e-02
5.832226510566573818e-02 6.621937979980421773e-02
4.765340044241180711e-02 5.960167426511508992e-02
3.733516399922386098e-02 5.252396724044406523e-02
2.746900021391193367e-02 4.501716228526803087e-02
1.876190192346514213e-02 3.735276008904399314e-02
1.154042810559657503e-02 2.937935193646125029e-02
5.867530897159490937e-03 2.086320183916194268e-02
1.957530778065080107e-03 1.191833242979774797e-02
1.001311991354609902e-04 3.050212488546835427e-03
3.582529506778289242e-04 -5.608322851776744410e-03
2.670449401482641923e-03 -1.370642695439333765e-02
6.768271859870719949e-03 -2.049293236512745447e-02
1.234013955272039893e-02 -2.574493078509201838e-02
1.911834151226004738e-02 -2.924907002232550804e-02
2.773724141754129249e-02 -3.122988382188473383e-02
3.828234588198650007e-02 -3.159592614000676647e-02
5.083195652820920313e-02 -3.079752292822763096e-02
6.368139799660972600e-02 -2.949594085846855146e-02
7.671340657840425292e-02 -2.787906604459397183e-02
8.993760202140782534e-02 -2.614434315040398832e-02
1.031698367838570218e-01 -2.445663183491398468e-02
1.164358524698891201e-01 -2.281807190648440370e-02
1.297302469175816153e-01 -2.122073207483231999e-02
1.430473098147549971e-01 -1.965666591103869959e-02
1.563745987411487848e-01 -1.812054766577489082e-02
1.697040832801708921e-01 -1.661332713402806013e-02
1.830356260082652287e-01 -1.513656905874821365e-02
1.963691178897217504e-01 -1.369183332275055245e-02
2.097044411482279769e-01 -1.228067916995921778e-02
2.230414764867548472e-01 -1.090466435763374868e-02
2.363801164558390622e-01 -9.565343806878210536e-03
2.497202310737217656e-01 -8.264273072181587895e-03
2.630617237201006153e-01 -7.003002806208754628e-03
2.764044538335017065e-01 -5.783086213140662887e-03
2.897483300447915577e-01 -4.606070285421941593e-03
3.030932182168580291e-01 -3.473504254534356787e-03
3.164390154172174174e-01 -2.386932972805081744e-03
3.297856001220281774e-01 -1.347901239909793944e-03
3.431328574313816659e-01 -3.579516432520707652e-04
3.564806791673674757e-01 5.813753319153648451e-04
3.698289380748346900e-01 1.468539509267775779e-03
3.831775390419235316e-01 2.302004499752214293e-03
3.965263451408889694e-01 3.080232889216369830e-03
4.098752659195964987e-01 3.801691701679692052e-03
4.232241737315816654e-01 4.464847429783249874e-03
4.365729649754095387e-01 5.068169483608910703e-03
4.499215278479235525e-01 5.610128416476824198e-03
4.632699561048339021e-01 6.089214036262257865e-03
4.766222857713596217e-01 6.505320882752908297e-03
4.899801607549876259e-01 6.860717873763792773e-03
5.033434292393967890e-01 7.157897515178027713e-03
5.167120059168260893e-01 7.399358220800174996e-03
5.300857538975084493e-01 7.587601524220683596e-03
5.434645648883258406e-01 7.725133777781592083e-03
5.568483219620010694e-01 7.814465436695065131e-03
5.702368936887536321e-01 7.858111217680582850e-03
5.836301822618489288e-01 7.858590262015921479e-03
5.970280351256120888e-01 7.818426016835505060e-03
6.104303719857929744e-01 7.740146119598868835e-03
6.238370302015784352e-01 7.626282925373356787e-03
6.372479199982823417e-01 7.479372680867305001e-03
6.506628954714116508e-01 7.301956500909770331e-03
6.640818497883833604e-01 7.096579439770781851e-03
6.775046527246533223e-01 6.865791227688188177e-03
6.909311820426364825e-01 6.612145873921818420e-03
7.043613220940321273e-01 6.338201628890682490e-03
7.177949368361749016e-01 6.046521550790932842e-03
7.312319240532830777e-01 5.739672363308098366e-03
7.446721354384868707e-01 5.420226225494177361e-03
7.581154810283272649e-01 5.090758333893059817e-03
7.715618017310477139e-01 4.753849968677513298e-03
7.850110186191043837e-01 4.412084842640561638e-03
7.984628721947041319e-01 4.068055684808697704e-03
8.119124334096723405e-01 3.724478539288302199e-03
8.253568894399073708e-01 3.384011406016144020e-03
8.387977552967468275e-01 3.048743908606486516e-03
8.522361005982290738e-01 2.719839894673496683e-03
8.656723369207200980e-01 2.398363831320701658e-03
8.791068915826668606e-01 2.085379036439222351e-03
8.925401807440570545e-01 1.781948330287972315e-03
9.059726275559409903e-01 1.489133609443461532e-03
9.194046529952230040e-01 1.207996065800059438e-03
9.328366758473739528e-01 9.395961817263131502e-04
9.462691221266338326e-01 6.849935490799510546e-04
9.597024060746019991e-01 4.452472415383145377e-04
9.731369589482585791e-01 2.214152894879844807e-04
9.865731902888082994e-01 1.455536167091028735e-05
1.000011536784096045e+00 -1.742760238771742277e-04
