
9.999686969146600601e-01 2.439418819673672308e-03
9.870244606320172087e-01 2.973944183882437121e-03
9.740790410640054464e-01 3.576972906753297758e-03
9.611322436195950392e-01 4.245526653797271864e-03
9.481839242110355892e-01 4.976618430463100422e-03
9.352339223728157735e-01 5.767255562902550738e-03
9.222820671000747650e-01 6.614439648687866179e-03
9.093282291932955896e-01 7.515162984845144382e-03
8.963722118933623584e-01 8.466415950173614841e-03
8.834139062446388913e-01 9.465175989419394656e-03
8.704531154121756265e-01 1.050842047028795363e-02
8.574897200795974506e-01 1.159311402620396940e-02
8.445235430394133491e-01 1.271621925827257776e-02
8.315544427489770518e-01 1.387468907291104434e-02
8.185822633177598506e-01 1.506547083964956436e-02
8.056068425751424789e-01 1.628550578995653295e-02
7.926280432641903406e-01 1.753172603351540321e-02
7.796456842800827403e-01 1.880106109992596766e-02
7.666596444123571219e-01 2.009042790204340276e-02
7.536697253962995058e-01 2.139674416281359820e-02
7.406758182507221511e-01 2.271691186451793229e-02
7.276777134131285907e-01 2.404783633418380168e-02
7.146753034956713213e-01 2.538640564978035183e-02
7.016683836619895809e-01 2.672951103057998740e-02
6.886592177923284153e-01 2.807378186711028886e-02
6.756542941184250362e-01 2.941540835452354993e-02
6.626538952528071569e-01 3.075122727814821183e-02
6.496578877813338204e-01 3.207812529606738489e-02
6.366660939667380115e-01 3.339300045547278356e-02
6.236783698753070038e-01 3.469275419038218844e-02
6.106945525279841025e-01 3.597429668548955684e-02
5.977144851193416653e-01 3.723454430069640664e-02
5.847380213155407569e-01 3.847041919575908131e-02
5.717649889783074091e-01 3.967885276669606831e-02
5.587952602286817561e-01 4.085677906006021654e-02
5.458286450296647718e-01 4.200114455761796289e-02
5.328650356827877577e-01 4.310889518230650447e-02
5.199042300031443409e-01 4.417699178718796638e-02
5.069461168690889696e-01 4.520239427970180329e-02
4.939905082907847800e-01 4.618207553396070503e-02
4.810372712830642827e-01 4.711301076645434821e-02
4.680862418574950889e-01 4.799218422452829896e-02
4.551372595307805469e-01 4.881658642066928622e-02
4.421901856751236370e-01 4.958321312245612261e-02
4.292448294305666878e-01 5.028906969906751789e-02
4.163010787085549280e-01 5.093116365105943705e-02
4.033587244589765253e-01 5.150651391965915121e-02
3.904176370170901467e-01 5.201214188926101684e-02
3.774776331739948532e-01 5.244507757074800408e-02
3.645385462570751023e-01 5.280235630832839228e-02
3.516002221403872752e-01 5.308101926787224534e-02
3.386624564252921910e-01 5.327811453403817621e-02
3.257251161453623700e-01 5.339069475542691096e-02
3.127879811672296673e-01 5.341581921223576002e-02
2.998509112696857160e-01 5.335055211079472309e-02
2.869170777645009829e-01 5.319135453562890553e-02
2.739909669164121708e-01 5.293250932669556902e-02
2.610751824368623963e-01 5.256783805461206355e-02
2.481721442592932092e-01 5.209118875105907959e-02
2.352844012534341667e-01 5.149644429839125154e-02
2.224144397802128303e-01 5.077751751999010771e-02
2.095646886884031390e-01 4.992834932597653430e-02
1.967376885256477415e-01 4.894292032635237655e-02
1.839358076520966057e-01 4.781523124323419638e-02
1.711614697004126551e-01 4.653931794525996424e-02
1.584171300440923025e-01 4.510925263556345849e-02
1.457050830165351474e-01 4.351912143377729969e-02
1.330276988210740419e-01 4.176304895226674863e-02
1.203873141598497953e-01 3.983518660512287701e-02
1.077861476708971283e-01 3.772969623811128076e-02
9.522647042140239271e-02 3.544077419001250007e-02
8.271049941868274802e-02 3.296263372931390601e-02
7.025347296669252894e-02 3.029131473863226967e-02
5.798363608951512260e-02 2.740951026307497304e-02
4.597134272675382216e-02 2.424297229513141388e-02
3.425704213323291919e-02 2.071495440368341032e-02
2.294829370264981835e-02 1.677801374781302812e-02
1.280688569652235764e-02 1.223904410038560361e-02
4.208981865465422946e-03 6.534590845271511482e-03
1.114811529385906263e-03 2.896902616463189334e-03
4.369436038936796041e-04 8.114005398525668284e-04
6.391540215776342782e-04 -8.734957802229755940e-04
1.980828150347987981e-03 -3.051355458593336002e-03
6.595014439396139003e-03 -6.475692429802964827e-03
1.507163628723848237e-02 -9.595943249269652670e-03
2.508025438883711850e-02 -1.078885871329993834e-02
3.748267191945234972e-02 -1.129628029318095056e-02
5.008175512408174351e-02 -1.145881356981959254e-02
6.286669803952184277e-02 -1.138307781743338326e-02
7.584683067952489866e-02 -1.118705281040529784e-02
8.890753768813003388e-02 -1.097444525776306891e-02
1.019654746711096266e-01 -1.076585666911187081e-02
1.150208179535029684e-01 -1.056300139158499601e-02
1.280735783248849735e-01 -1.036759436992903786e-02
1.411238228665556982e-01 -1.018134761807155085e-02
1.541715669191070226e-01 -1.000597183932796889e-02
1.672168708255928615e-01 -9.843175043616468958e-03
1.802597570365620239e-01 -9.694663674793768671e-03
1.933002785638545662e-01 -9.562141746383687191e-03
2.063384656775498205e-01 -9.447311470896689600e-03
2.193743634847379609e-01 -9.351872859210219255e-03
2.324080107955681651e-01 -9.277523939586203305e-03
2.454394442602285675e-01 -9.225960699183046593e-03
2.584687119575359016e-01 -9.198877051189132195e-03
2.714958415528486713e-01 -9.197964922479345828e-03
2.845208911263397145e-01 -9.224914205644496948e-03
2.975438788586677874e-01 -9.281412714863877464e-03
3.105668805511528907e-01 -9.368805468369417050e-03
3.235936827535657589e-01 -9.485995261223855585e-03
3.366243413180805555e-01 -9.630820345332460550e-03
3.496588372009383772e-01 -9.801111613266584588e-03
3.626971081690569809e-01 -9.994696091598391161e-03
3.757391228000290240e-01 -1.020939783904469683e-02
3.887848303494660929e-01 -1.044303725239212680e-02
4.018341882654108410e-01 -1.069343147038836345e-02
4.148871563706704180e-01 -1.095839430241758380e-02
4.279436821994895279e-01 -1.123573591479674373e-02
4.410037351895516600e-01 -1.152326354194163974e-02
4.540672541404200402e-01 -1.181878035194525861e-02
4.671342171232110707e-01 -1.212008698880323934e-02
4.802045553439011627e-01 -1.242497961691099197e-02
4.932776564837131894e-01 -1.273123824363372320e-02
5.063485091219976919e-01 -1.303653746978114536e-02
5.194158483274257110e-01 -1.333864143379140561e-02
5.324796675025907922e-01 -1.363534712469358090e-02
5.455398870258121313e-01 -1.392445327162759004e-02
5.585964967277480264e-01 -1.420376356563623869e-02
5.716494235549650638e-01 -1.447108372680050090e-02
5.846986482989900979e-01 -1.472422400421960834e-02
5.977441071202630463e-01 -1.496099714170382768e-02
6.107857708023225474e-01 -1.517921993284045319e-02
6.238235859139049655e-01 -1.537671212044651632e-02
6.368575122899298169e-01 -1.555129705781469265e-02
6.498875081390179664e-01 -1.570080143258069730e-02
6.629135214372416929e-01 -1.582305520357852810e-02
6.759355232980099881e-01 -1.591589191235406875e-02
6.889534489630826375e-01 -1.597714820095302163e-02
7.019672837425094958e-01 -1.600466432939725084e-02
7.149769493098616646e-01 -1.599628373296811679e-02
7.279824392115576970e-01 -1.594985323896969120e-02
7.409836825796155546e-01 -1.586322310701528474e-02
7.539806596861682308e-01 -1.573424669986476024e-02
7.669733167198242718e-01 -1.556078091752980709e-02
7.799616184416860998e-01 -1.534068579218240448e-02
7.929455299503334054e-01 -1.507182455907902022e-02
8.059249998309740981e-01 -1.475206408320101081e-02
8.189000134192547797e-01 -1.437927354576775014e-02
8.318705025501251793e-01 -1.395132683236997503e-02
8.448364655731450679e-01 -1.346609892674374871e-02
8.577978426064281070e-01 -1.292146992972814830e-02
8.707546187889521061e-01 -1.231532131737935604e-02
8.837067564640517237e-01 -1.164553851675969275e-02
8.966542225598936877e-01 -1.091000982107259189e-02
9.095970043361331081e-01 -1.010662523702250508e-02
9.225350502877902592e-01 -9.233280059383619509e-03
9.354683658779646693e-01 -8.287868649223198089e-03
9.483969042595910004e-01 -7.268291720688758312e-03
9.613206628418369259e-01 -6.172449352479682586e-03
9.742396191190390020e-01 -4.998245657765197462e-03
9.871537511968409007e-01 -3.743587288768400294e-03
1.000063065312645216e+00 -2.406380441685075731e-03
