
1.000024899535472134e+00 3.503145449822173612e-05
9.871195036349360574e-01 2.122882834463091922e-03
9.742217350025409450e-01 4.262024282775635914e-03
9.613302469043610854e-01 6.448303903756075900e-03
9.484437539918926241e-01 8.677546785612994321e-03
9.355609549724739349e-01 1.094556748583801198e-02
9.226805200553163111e-01 1.324817236964422572e-02
9.098011885419666767e-01 1.558114198139449146e-02
8.969215888383822444e-01 1.794026329435628730e-02
8.840404813186144573e-01 2.032128549705274068e-02
8.711564995862363103e-01 2.271996719758057406e-02
8.582683757274774949e-01 2.513203482746045533e-02
8.453747687299294489e-01 2.755321438448513072e-02
8.324747737976138096e-01 2.997913575792111873e-02
8.195759615226995143e-01 3.240382320583765768e-02
8.066811500788739764e-01 3.482219893816020095e-02
7.937889972347907941e-01 3.722998132807991967e-02
7.808982274476058416e-01 3.962289033320091913e-02
7.680071685233731404e-01 4.199684171341241945e-02
7.551150442019501918e-01 4.434807338922077541e-02
7.422217404037108057e-01 4.667284093111906396e-02
7.293272504422559921e-01 4.896739015509732340e-02
7.164315003592959252e-01 5.122798877951499630e-02
7.035344538456186347e-01 5.345090756817342387e-02
6.906360751618524363e-01 5.563242707792998704e-02
6.777362944173441761e-01 5.776884336823410321e-02
6.648351164700133653e-01 5.985644993727347318e-02
6.519324489154310065e-01 6.189156598166491163e-02
6.390282936242946965e-01 6.387050539281337314e-02
6.261225845365423481e-01 6.578960259656481402e-02
6.132152852075295479e-01 6.764519717211921190e-02
6.003063752234913952e-01 6.943363641617913973e-02
5.873957759481094332e-01 7.115128547071114529e-02
5.744834947814533299e-01 7.279450772328333041e-02
5.615694459506794800e-01 7.435968852336996560e-02
5.486535994829332408e-01 7.584321566726993924e-02
5.357359194709365724e-01 7.724148762353676145e-02
5.228163224850117530e-01 7.855091741486129597e-02
5.098948016476205769e-01 7.976791965786023120e-02
4.969712604513897292e-01 8.088892712008985408e-02
4.840456452702176504e-01 8.191037733625519679e-02
4.711179123085165732e-01 8.282871640168712468e-02
4.581879524202603360e-01 8.364040374270709233e-02
4.452557220843952890e-01 8.434190273231818857e-02
4.323211209406950806e-01 8.492968844266680917e-02
4.193840411722944417e-01 8.540024344340281515e-02
4.064444212975756310e-01 8.575005607973835986e-02
3.935005359264007740e-01 8.597607157312835147e-02
3.805522202415156374e-01 8.607683660334884690e-02
3.676015814903693668e-01 8.605125425660793692e-02
3.546507176546775941e-01 8.589823068554652830e-02
3.417017427622296433e-01 8.561667544983007916e-02
3.287567603272214534e-01 8.520550147113606365e-02
3.158178638639582703e-01 8.466362467080805476e-02
3.028871646802115403e-01 8.398996519356065338e-02
2.899667497417900419e-01 8.318344562572894951e-02
2.770587072619720703e-01 8.224299188964800944e-02
2.641651445669995768e-01 8.116753504921647711e-02
2.512881299536728896e-01 7.995600671726656172e-02
2.384297487884871058e-01 7.860734332305564787e-02
2.255920918275573228e-01 7.712048579200139753e-02
2.127772178329826736e-01 7.549437508391708407e-02
1.999872042999825961e-01 7.372795788925617932e-02
1.872273120399156054e-01 7.182038238437071787e-02
1.745228078718443210e-01 6.976546446294754067e-02
1.618836555363843410e-01 6.754534792056039738e-02
1.493150653587998200e-01 6.514124025047789146e-02
1.368219115957136911e-01 6.253458150647996094e-02
1.244090245503784997e-01 5.970708405596169416e-02
1.120811944940257321e-01 5.664072869062565518e-02
9.984256531473835461e-02 5.331758892512694636e-02
8.769721491606695396e-02 4.971992970157258773e-02
7.564892684712977433e-02 4.583011266756648744e-02
6.372820101125206693e-02 4.163770040820780061e-02
5.215615172252460741e-02 3.713601751214505586e-02
4.106544756050473088e-02 3.222917032889868055e-02
3.054392609792997912e-02 2.682166805132994020e-02
2.066256266513113657e-02 2.082915860985702985e-02
1.146863123562156042e-02 1.416801298874514198e-02
3.711308743091870990e-03 7.371104832441186146e-03
6.451434222201866964e-04 2.806709123157725451e-03
1.685491438304285126e-04 -1.370790924750098477e-04
1.178262186266872602e-03 -2.467807416362962584e-03
5.479175010018396894e-03 -6.107408340028291915e-03
1.346939577193960631e-02 -1.004314492331723728e-02
2.378803179176484581e-02 -1.310821410464490036e-02
3.509727711255363619e-02 -1.535289337378580553e-02
4.700801497375196869e-02 -1.688517718261762710e-02
5.951021283409371060e-02 -1.795223998537869362e-02
7.224193505987235031e-02 -1.875451723282841113e-02
8.501345654817654696e-02 -1.932702677310735306e-02
9.782451079195596255e-02 -1.969054225116353973e-02
1.106748831536589067e-01 -1.986615427992520153e-02
1.235638747935945830e-01 -1.987528248271322115e-02
1.364907564460416667e-01 -1.973970725900241197e-02
1.494550896413730234e-01 -1.948156914282511698e-02
1.624558726955177557e-01 -1.912339098191929640e-02
1.754924031098397952e-01 -1.868807248287515654e-02
1.885640361448650271e-01 -1.819889669175609251e-02
2.016579613350758249e-01 -1.767784919964652049e-02
2.147534046282147391e-01 -1.713342909252646429e-02
2.278499250831731715e-01 -1.656775807189217117e-02
2.409477644052882839e-01 -1.598291925011947889e-02
2.540471171400463524e-01 -1.538100084557232107e-02
2.671482100804981608e-01 -1.476409270700803668e-02
2.802512531486007763e-01 -1.413428852985620932e-02
2.933564581850844899e-01 -1.349368502287550189e-02
3.064640496530342539e-01 -1.284438137133961898e-02
3.195742254639037383e-01 -1.218848118260503106e-02
3.326872237384906339e-01 -1.152808917360107106e-02
3.458032296757823087e-01 -1.086531584204005960e-02
3.589195458279016981e-01 -1.020242036394496815e-02
3.720329029426793777e-01 -9.541691035651578626e-03
3.851434692121583070e-01 -8.885239528164215125e-03
3.982525092591691629e-01 -8.234875472028333962e-03
4.113610019452928479e-01 -7.591529229710030149e-03
4.244689495737461460e-01 -6.955975939551726009e-03
4.375763473060960695e-01 -6.328990675328217443e-03
4.506831896599831633e-01 -5.711348119968810699e-03
4.637894768335943385e-01 -5.103822272071207623e-03
4.768951981614893421e-01 -4.507187215582402796e-03
4.900003590201490455e-01 -3.922215884121477147e-03
5.031049434383487728e-01 -3.349681750656437369e-03
5.162089598097734378e-01 -2.790356795398075875e-03
5.293123936506303195e-01 -2.245013572327903516e-03
5.424152491196679859e-01 -1.714423427558309796e-03
5.555175168534473018e-01 -1.199357851123490333e-03
5.686191954077811639e-01 -7.005875934732626320e-04
5.817202811035731003e-01 -2.188830817066224094e-04
5.948207667753658834e-01 2.449855508429239813e-04
6.079206545775802661e-01 6.902489154427664817e-04
6.210199315070373816e-01 1.116137522181267529e-03
6.341186044948978751e-01 1.521882954214560458e-03
6.472166582061825713e-01 1.906716505577656486e-03
6.603140990012307254e-01 2.269870543709004689e-03
6.734109159417985824e-01 2.610577346737683480e-03
6.865071092695376187e-01 2.928069917620778131e-03
6.996026744066657921e-01 3.221581540484383215e-03
7.126976053681205459e-01 3.490345890948011280e-03
7.257919040867369942e-01 3.733597214195719279e-03
7.388855582475997164e-01 3.950569900778071186e-03
7.519785750078149533e-01 4.140499085838441132e-03
7.650709399268355027e-01 4.302619980112427564e-03
7.781626592932875397e-01 4.436168486803974617e-03
7.912537236895480497e-01 4.540380723797260952e-03
8.043441328138521973e-01 4.614493311852799554e-03
8.174323430293698456e-01 4.657461796614226733e-03
8.305155678349641635e-01 4.666504878246978752e-03
8.435934856316361641e-01 4.638184710201000496e-03
8.566657555474195274e-01 4.569070806025431024e-03
8.697321425453138355e-01 4.455740670024848672e-03
8.827923209741601607e-01 4.294780727643735842e-03
8.958460256059260773e-01 4.082785255608437427e-03
9.088929700176889837e-01 3.816357024121984614e-03
9.219328518427460928e-01 3.492107582757087748e-03
9.349654251296330987e-01 3.106655331966204359e-03
9.479903612446805017e-01 2.656629294062570062e-03
9.610074271854747163e-01 2.138663656678366914e-03
9.740163271372805909e-01 1.549402826691265210e-03
9.870167872476363069e-01 8.854985745890872183e-04
1.000008565668588645e+00 1.436087934019492942e-04
