
1.000011204768510797e+00 1.175038278095649855e-04
9.868937797667435285e-01 1.117081370278591662e-03
9.737827369380530618e-01 2.200937528531154205e-03
9.606785918381984812e-01 3.368840591893392921e-03
9.475818624602091456e-01 4.620558506833068006e-03
9.344930670802261696e-01 5.955859027561142584e-03
9.214127217067195064e-01 7.374509994248653472e-03
9.083413465271821252e-01 8.876278646952125151e-03
8.952794575523743692e-01 1.046093253410519154e-02
8.822275744483469850e-01 1.212823862332280261e-02
8.691862152068258185e-01 1.387796391829949211e-02
8.561558976551040256e-01 1.570987529753643114e-02
8.431371419556868974e-01 1.762373914611055012e-02
8.301304645480926947e-01 1.961932223157132615e-02
8.171363649188579936e-01 2.169639338203335419e-02
8.041544946811197692e-01 2.385464137440947152e-02
7.911846831065590946e-01 2.609318418982930002e-02
7.782271906412037143e-01 2.841098619217085827e-02
7.652822641675466331e-01 3.080701345889932594e-02
7.523501739788789333e-01 3.328022702072513939e-02
7.394311666712561903e-01 3.582959159106172131e-02
7.265255096496926468e-01 3.845406710689729113e-02
7.136334596725879553e-01 4.115261478871361928e-02
7.007552740449234374e-01 4.392419502348118149e-02
6.878912216528449974e-01 4.676776488324113634e-02
6.750415499813370301e-01 4.968228537402839123e-02
6.622065348597363510e-01 5.266671034810412044e-02
6.493864281877345102e-01 5.571999830421600630e-02
6.365814978723142170e-01 5.884110322335549259e-02
6.237920117018762589e-01 6.202897819517205757e-02
6.110216914237563968e-01 6.528241194805831094e-02
5.982757646132322860e-01 6.860332151555136038e-02
5.855554736210434319e-01 7.199570373976281468e-02
5.728618814692069128e-01 7.546358993374854829e-02
5.601961419053942404e-01 7.901097482946595196e-02
5.475593538142673466e-01 8.264185576886384776e-02
5.349526034676792552e-01 8.636022205025525866e-02
5.223759888554724284e-01 9.017035468387270269e-02
5.097432932392303995e-01 9.406830991812077658e-02
4.972772401913657103e-01 9.782579056610013479e-02
4.849964346805837878e-01 1.012622900908549256e-01
4.728225061527514539e-01 1.042473915006453672e-01
4.604971981866465836e-01 1.067866923445459082e-01
4.479811031032134849e-01 1.089429803527394020e-01
4.353027057407567457e-01 1.107733728633285702e-01
4.225333331772772039e-01 1.123236084733116869e-01
4.097289110686140323e-01 1.136049960592974417e-01
3.968923853116232969e-01 1.146259145033655252e-01
3.840264354902019894e-01 1.153948107590611200e-01
3.711340057476884557e-01 1.159201571378482565e-01
3.582180549042452422e-01 1.162104793048189810e-01
3.452815473603699781e-01 1.162743566336042478e-01
3.323275869114106218e-01 1.161204245621808434e-01
3.193593821623459950e-01 1.157573837033868680e-01
3.063800954799855147e-01 1.151939986392069987e-01
2.933929683840107439e-01 1.144391008544434485e-01
2.804013695068664491e-01 1.135015965544620975e-01
2.674088609369008052e-01 1.123904774903788512e-01
2.544420837610745778e-01 1.111116581294465527e-01
2.415245523144452233e-01 1.096540742374886301e-01
2.286629302080368520e-01 1.080019817180764702e-01
2.158636209786343185e-01 1.061398300436702663e-01
2.031328207653767537e-01 1.040522563519077903e-01
1.904766984092593485e-01 1.017241069342401522e-01
1.779012914290972469e-01 9.914041826958383541e-02
1.654121773931110095e-01 9.628633025812873003e-02
1.530148457079361646e-01 9.314713418506534448e-02
1.407145639817177218e-01 8.970822326264710211e-02
1.285164016662130038e-01 8.595506970925330392e-02
1.164399874759172587e-01 8.187579432477375130e-02
1.045238549372751180e-01 7.745663231379101843e-02
9.280098374553963358e-02 7.268087612268808728e-02
8.130332539538870362e-02 6.753243236062525523e-02
7.006174105029837340e-02 6.199579158712705679e-02
5.910564776223704853e-02 5.605580875256483547e-02
4.846296398108505821e-02 4.969753740897144695e-02
3.816009695867830787e-02 4.290602140712466289e-02
2.832675367513028120e-02 3.572273220478474481e-02
1.928223953421243433e-02 2.818113614052165927e-02
1.112457847801109380e-02 2.011825999195595779e-02
4.694943736580825012e-03 1.214577783928071607e-02
1.103128121014209815e-03 4.949283440151882457e-03
2.739265235146473966e-04 1.963381656281810951e-04
1.100825709582696358e-03 -2.321932845383038388e-03
3.522701013590633437e-03 -4.518790198575174492e-03
8.921427773340585149e-03 -6.345762741020599500e-03
2.101145071873648448e-02 -8.084722144602572019e-03
3.383808717778941794e-02 -9.521983429770244922e-03
4.669906207202669662e-02 -1.062148248541392413e-02
5.960611932337631785e-02 -1.143270517779836071e-02
7.256948277160359118e-02 -1.200646161253319209e-02
8.559913460816669095e-02 -1.239529177485831218e-02
9.870549130443501129e-02 -1.265370055953427345e-02
1.118954648805852575e-01 -1.283825004700974055e-02
1.251198140714540330e-01 -1.299150540536234133e-02
1.383479594426791359e-01 -1.311957538464194467e-02
1.515797855778234227e-01 -1.322338298697638137e-02
1.648151758469995898e-01 -1.330385180471605096e-02
1.780540092401292906e-01 -1.336190601910791122e-02
1.912961744170791345e-01 -1.339847046191119245e-02
2.045415450169390525e-01 -1.341447052686446303e-02
2.177900148092176968e-01 -1.341083224650376632e-02
2.310414526343421426e-01 -1.338848225281962824e-02
2.442957562472143351e-01 -1.334834774894205767e-02
2.575527929208046296e-01 -1.329135661144669779e-02
2.708124577363681396e-01 -1.321843722349116089e-02
2.840746226893912096e-01 -1.313051867587471805e-02
2.973391782569407282e-01 -1.302853055261897659e-02
3.106060009749554429e-01 -1.291340313126816686e-02
3.238749769372898935e-01 -1.278606721362754613e-02
3.371459870395098757e-01 -1.264745424211492948e-02
3.504189132068876722e-01 -1.249849624887127211e-02
3.636936405152285667e-01 -1.234012582469433059e-02
3.769700469294202660e-01 -1.217327624074500403e-02
3.902480215276266096e-01 -1.199888122484858710e-02
4.035274385161405908e-01 -1.181787529247004497e-02
4.168081907990647261e-01 -1.163119330200947273e-02
4.300901490196151200e-01 -1.143977101555486084e-02
4.433732097327154342e-01 -1.124454442028201967e-02
4.566572408211310719e-01 -1.104645051546357393e-02
4.699421404770510180e-01 -1.084642644724027535e-02
4.832277768072247293e-01 -1.064541040731202710e-02
4.965128012484359976e-01 -1.044435731346795258e-02
5.097967004946801772e-01 -1.024388809374699588e-02
5.230799836644516310e-01 -1.004395585014597990e-02
5.363627138237446745e-01 -9.844441440184661940e-03
5.496449559991245515e-01 -9.645225682399250280e-03
5.629267736397323141e-01 -9.446189409522057559e-03
5.762081787956967460e-01 -9.247214214845561608e-03
5.894889718336364659e-01 -9.048184857570577833e-03
6.027691770262250115e-01 -8.848982748539818699e-03
6.160488584026801995e-01 -8.649488712474126886e-03
6.293280803558650716e-01 -8.449583578134236758e-03
6.426069065308953610e-01 -8.249148195047658130e-03
6.558854017173563200e-01 -8.048063404976100663e-03
6.691636291734317510e-01 -7.846210082360660990e-03
6.824416540881779181e-01 -7.643469081815139690e-03
6.957195393302113562e-01 -7.439721302832343237e-03
7.089973504906228463e-01 -7.234847612680703026e-03
7.222751500460208307e-01 -7.028728936074533570e-03
7.355530039719027080e-01 -6.821246153004093329e-03
7.488309744106218524e-01 -6.612280212666273374e-03
7.621091274821898409e-01 -6.401712011326810524e-03
7.753875255588952298e-01 -6.189422513859946760e-03
7.886662343599385450e-01 -5.975292641317317063e-03
8.019453166710084346e-01 -5.759203371218985304e-03
8.152248378080826363e-01 -5.541035649547889144e-03
8.285048609726061164e-01 -5.320670466187248093e-03
8.417854510751403563e-01 -5.097988792230303406e-03
8.550666717350323687e-01 -4.872871629589968674e-03
8.683485874554479622e-01 -4.645199974682607223e-03
8.816310566531443405e-01 -4.414856815883438923e-03
8.948994876609237537e-01 -4.178429037312763987e-03
9.081420969936314647e-01 -3.921449168334411109e-03
9.213575691142606994e-01 -3.627291623843090836e-03
9.345448426918989693e-01 -3.279515348000949012e-03
9.477024731093759424e-01 -2.861877546780973881e-03
9.608294960195070677e-01 -2.358307481629088632e-03
9.739245739983821704e-01 -1.752930577082269540e-03
9.869866173595168712e-01 -1.030044771411873974e-03
1.000014599972292695e+00 -1.741206107089116571e-04
