
1.000224985263536537e+00 1.549614503691773776e-03
9.877920412790170968e-01 5.779123284633928999e-03
9.753265087845808257e-01 9.861908026654818069e-03
9.628290388518805365e-01 1.379988856446176526e-02
9.503002838271414898e-01 1.759498194193963652e-02
9.377409253020089208e-01 2.124909468724309539e-02
9.251516212521611049e-01 2.476413913151052915e-02
9.125330531398797573e-01 2.814201981777579922e-02
8.998859126821014964e-01 3.138463828061129751e-02
8.872108635752086192e-01 3.449390288232811325e-02
8.745086208853087850e-01 3.747170918909641102e-02
8.617798760491967025e-01 4.031995919949103724e-02
8.490253220328406458e-01 4.304055490509965665e-02
8.362456858749445221e-01 4.563539199464307361e-02
8.234416615635030690e-01 4.810637423786984918e-02
8.106139788791640877e-01 5.045539959942858810e-02
7.977633664896802701e-01 5.268436824232537730e-02
7.848905303602654593e-01 5.479518591175846359e-02
7.719962292717801322e-01 5.678975155643361389e-02
7.590811840132781763e-01 5.866997256494358576e-02
7.461461401222679868e-01 6.043775473909033386e-02
7.331918562506782866e-01 6.209500482235020408e-02
7.202190537282943117e-01 6.364363684073387484e-02
7.072285166990269767e-01 6.508555981124253265e-02
6.942209869454513127e-01 6.642269070181380797e-02
6.811972274981050735e-01 6.765694689037940468e-02
6.681580172070441526e-01 6.879024743499800865e-02
6.551040953974790471e-01 6.982451781043536032e-02
6.420362639557746220e-01 7.076168143244690456e-02
6.289552789000401045e-01 7.160366852257800396e-02
6.158619226805398528e-01 7.235241050501999005e-02
6.027569838938712232e-01 7.300984185378588120e-02
5.896412223107112549e-01 7.357790163999469724e-02
5.765154498865281418e-01 7.405852981458514728e-02
5.633804301364454536e-01 7.445367158085830495e-02
5.502369667306643564e-01 7.476527395130279363e-02
5.370858481240491367e-01 7.499528776353014958e-02
5.239278565881897443e-01 7.514566707262480827e-02
5.107638071525354428e-01 7.521836881948919251e-02
4.975944646551034301e-01 7.521535346999273786e-02
4.844206555615281351e-01 7.513858450357376040e-02
4.712431594511181654e-01 7.499002854961345221e-02
4.580627827684332631e-01 7.477165548139788620e-02
4.448803287543039442e-01 7.448543834602087965e-02
4.316965847350126007e-01 7.413335285495277482e-02
4.185123748295698221e-01 7.371737873991365819e-02
4.053284711049705002e-01 7.323949715226571455e-02
3.921457056569409572e-01 7.270169424199907082e-02
3.789648618373984701e-01 7.210595730751334642e-02
3.657867540208031842e-01 7.145427780222862735e-02
3.526121841059426942e-01 7.074864953272502754e-02
3.394419495995789071e-01 6.999106884301006803e-02
3.262768694499121880e-01 6.918353613181936479e-02
3.131177251001598938e-01 6.832805227653152014e-02
2.999653475756790533e-01 6.742662405031167594e-02
2.868281412989758805e-01 6.648013934535432212e-02
2.737143616831400617e-01 6.548260454932425256e-02
2.606242228650210158e-01 6.442571410741868010e-02
2.475578179443644333e-01 6.330120266610415880e-02
2.345152363818276409e-01 6.210085275093411850e-02
2.214966391649214328e-01 6.081650184826004057e-02
2.085020105810569679e-01 5.944001738553341546e-02
1.955315121759247099e-01 5.796333121089905505e-02
1.825851122769093782e-01 5.637839930579442715e-02
1.696628388734286175e-01 5.467722708429987449e-02
1.567647413087843999e-01 5.285186558133447149e-02
1.438907041815623011e-01 5.089438245639606867e-02
1.310407332012178960e-01 4.879690014532955811e-02
1.182147088161188547e-01 4.655155682282095114e-02
1.054124659209943748e-01 4.415051288015193337e-02
9.263392372841135203e-02 4.158597302851727018e-02
7.987881188505835395e-02 3.885012948961831525e-02
6.720328131189942655e-02 3.594108036050761706e-02
5.486439166285325686e-02 3.281089309622900463e-02
4.297460003186481109e-02 2.932740129700369541e-02
3.161815039300184399e-02 2.537314174135747724e-02
2.104627620753932865e-02 2.091442114548396070e-02
1.196696882883084567e-02 1.572270290095732423e-02
4.466963286594244874e-03 9.280544853570594360e-03
9.050128223113553623e-04 3.905315237366029958e-03
5.896572617680774790e-05 -3.563189536815363428e-05
9.190369503347666381e-04 -3.975485567019565805e-03
4.495366379164249249e-03 -9.338031451622255327e-03
1.202115986365153918e-02 -1.576524602091964114e-02
2.118059445520592207e-02 -2.097702721045068344e-02
3.182016261868107071e-02 -2.545829079620860746e-02
4.318209406170903097e-02 -2.940746043250560757e-02
5.504392821225097265e-02 -3.287130603228398396e-02
6.734230528990990672e-02 -3.597653523657994012e-02
7.998218575586441004e-02 -3.886346800000561874e-02
9.271189530029208536e-02 -4.158280826633416194e-02
1.054751110423918503e-01 -4.413603939115267466e-02
1.182710255581649467e-01 -4.653045475472265130e-02
1.310986984988889992e-01 -4.877335239127903593e-02
1.439572804016621688e-01 -5.087207917556695047e-02
1.568458132438397823e-01 -5.283399724221892607e-02
1.697632828861095344e-01 -5.466649781293723975e-02
1.827087984056402492e-01 -5.637702725159111916e-02
1.956812406951536354e-01 -5.797304019014486859e-02
2.086796091207190340e-01 -5.946204822794005224e-02
2.217028656926972596e-01 -6.085159911337342797e-02
2.347498637776464503e-01 -6.214927167970593636e-02
2.478196285778088981e-01 -6.336270475523304857e-02
2.609109453341847407e-01 -6.449955735961891701e-02
2.740227691039835434e-01 -6.556754797021753511e-02
2.871539547691525085e-01 -6.657443001141621908e-02
3.003033285915664430e-01 -6.752799930695370378e-02
3.134621771587887684e-01 -6.843381038765468383e-02
3.266229140370967565e-01 -6.929104431176236201e-02
3.397850951804423647e-01 -7.009789453603855469e-02
3.529483302982421855e-01 -7.085256021604584287e-02
3.661121796586542243e-01 -7.155323986098312272e-02
3.792762422211544138e-01 -7.219813650607859179e-02
3.924400936949090646e-01 -7.278545427695852499e-02
4.056033176590987943e-01 -7.331340009587182516e-02
4.187655077921246805e-01 -7.378018360020228983e-02
4.319262316910688626e-01 -7.418401589616389902e-02
4.450850986327943293e-01 -7.452311179309149825e-02
4.582416704097287408e-01 -7.479568716294501818e-02
4.713955563891832345e-01 -7.499996140231786346e-02
4.845463335364365021e-01 -7.513415560460942610e-02
4.976935941653101159e-01 -7.519649354054207258e-02
5.108369371987703245e-01 -7.518520129164669996e-02
5.239759373967710632e-01 -7.509850736724205111e-02
5.371102117516538543e-01 -7.493464240443829805e-02
5.502393323829328775e-01 -7.469183980257695921e-02
5.633629144094510766e-01 -7.436833466455577968e-02
5.764805494209264136e-01 -7.396236474816011985e-02
5.895918341064526613e-01 -7.347217005748019059e-02
6.026963860463590006e-01 -7.289599195000089071e-02
6.157937832777533593e-01 -7.223207571401593641e-02
6.288836593842017653e-01 -7.147866612502594419e-02
6.419656065998641248e-01 -7.063401212596759349e-02
6.550392415401107282e-01 -6.969636333625836566e-02
6.681041843483822573e-01 -6.866397090631362610e-02
6.811600326129395588e-01 -6.753508973242434987e-02
6.942064276074811913e-01 -6.630797282556506744e-02
7.072427156962277639e-01 -6.498087939870819674e-02
7.202667530391347883e-01 -6.355178172180324381e-02
7.332765840997130802e-01 -6.201826051737813206e-02
7.462703420939106325e-01 -6.037788218264852208e-02
7.592462199821167212e-01 -5.862821201098127044e-02
7.722023568840047369e-01 -5.676682863386314781e-02
7.851369385256626865e-01 -5.479131084834372445e-02
7.980481494696501921e-01 -5.269924369047344209e-02
8.109341428086309644e-01 -5.048822404527917446e-02
8.237931424768496491e-01 -4.815584336503637986e-02
8.366233228277344391e-01 -4.569970805225140320e-02
8.494228898780615822e-01 -4.311742538636373356e-02
8.621900722886222113e-01 -4.040660409165715977e-02
8.749230522725730541e-01 -3.756486912737642264e-02
8.876200888969074665e-01 -3.458983490280501116e-02
9.002794109199347972e-01 -3.147912812471941740e-02
9.128992430672531189e-01 -2.823038280321525997e-02
9.254778677442713208e-01 -2.484122372615234567e-02
9.380135275727665700e-01 -2.130929119803079072e-02
9.505044990685470596e-01 -1.763222152070268584e-02
9.629490825448918656e-01 -1.380764818063847169e-02
9.753455434949713787e-01 -9.833219582810680606e-03
9.876922079521157638e-01 -5.706568994986902302e-03
9.999873985788526598e-01 -1.425333181705536016e-03
