
1.000009296935901570e+00 -2.600866480473248648e-05
9.869013586391254256e-01 2.543332380972249118e-03
9.738064191050148644e-01 5.149182466322468898e-03
9.607234481162602036e-01 7.791002632963009260e-03
9.476514300725982221e-01 1.046825087092366491e-02
9.345893400986708954e-01 1.318038688734447447e-02
9.215361583351875385e-01 1.592686919439560700e-02
9.084908654502095171e-01 1.870715598668339780e-02
8.954524371143204320e-01 2.152070631884491630e-02
8.824198596857670829e-01 2.436697670983511282e-02
8.693921042028190938e-01 2.724542677008433972e-02
8.563681617922952460e-01 3.015551142439014745e-02
8.433445966934212112e-01 3.309679865947998817e-02
8.303154501492870931e-01 3.606607629360679412e-02
8.172795309424943921e-01 3.905748273386153158e-02
8.042359504287809324e-01 4.206505429138059082e-02
7.911837338722687019e-01 4.508282191504528469e-02
7.781261555831763266e-01 4.810380869113065755e-02
7.650747490388529748e-01 5.111911643109959963e-02
7.520295492296855677e-01 5.412252649238214613e-02
7.389895983827627912e-01 5.710807500523159413e-02
7.259539904852313486e-01 6.006981126738832749e-02
7.129217482117162774e-01 6.300182567706261172e-02
6.998920119323535083e-01 6.589820694049854100e-02
6.868637826743474450e-01 6.875309956938377431e-02
6.738362325283354659e-01 7.156063505505266820e-02
6.608083708159312453e-01 7.431500488038991770e-02
6.477793423995716893e-01 7.701039588171837424e-02
6.347482158236866789e-01 7.964103546616543849e-02
6.217140828586220636e-01 8.220117023758556629e-02
6.086760755828941605e-01 8.468506319676366578e-02
5.956332293098099973e-01 8.708701962529857843e-02
5.825847200794532776e-01 8.940134233656867047e-02
5.695295694780070361e-01 9.162238550551030092e-02
5.564668993745457426e-01 9.374450827775793194e-02
5.433958023810733229e-01 9.576209777082206331e-02
5.303153122698921473e-01 9.766957177020262060e-02
5.172245779118059827e-01 9.946135267528637136e-02
5.041225909266759952e-01 1.011319058060269754e-01
4.910077109945846230e-01 1.026759222198514176e-01
4.778785201175305697e-01 1.040894968065854825e-01
4.647371540188908745e-01 1.053691646633522216e-01
4.515860157120475393e-01 1.065114526693093921e-01
4.384274520771520023e-01 1.075129042982111427e-01
4.252638077241639447e-01 1.083700738446846529e-01
4.120974792815474408e-01 1.090795241230544665e-01
3.989307624684316211e-01 1.096378355435346647e-01
3.857660030834398346e-01 1.100415970187337278e-01
3.726055462546379871e-01 1.102874100323794071e-01
3.594516689465606096e-01 1.103718891638786753e-01
3.463066945576952493e-01 1.102916597828290934e-01
3.331729129256406630e-01 1.100433594479569149e-01
3.200525723820302759e-01 1.096236359663188692e-01
3.069479623308596361e-01 1.090291494164221803e-01
2.938613143567201380e-01 1.082565688929652131e-01
2.807948371195712056e-01 1.073025718022382613e-01
2.677507734398834605e-01 1.061638480426223552e-01
2.547312947443524100e-01 1.048370913820134420e-01
2.417385585690600691e-01 1.033190017558627688e-01
2.287747486215256643e-01 1.016062901233992233e-01
2.158419754930354095e-01 9.969566537948612583e-02
2.029423349319143255e-01 9.758383887772026366e-02
1.900779406034961427e-01 9.526752954913852989e-02
1.772508429073029190e-01 9.274344888659570574e-02
1.644630675830992261e-01 9.000830427967079772e-02
1.517166508747657960e-01 8.705880525810474890e-02
1.390228103280135297e-01 8.389288328596354594e-02
1.264307205838047787e-01 8.050155432993821858e-02
1.139685376581958676e-01 7.685833076608337977e-02
1.016602579129067957e-01 7.293633583427996947e-02
8.952854108768369679e-02 6.870930157470082900e-02
7.759552612503557711e-02 6.415179221664257803e-02
6.588234154534486353e-02 5.923900622355041112e-02
5.440896271700985248e-02 5.394662251090950877e-02
4.319409653739873789e-02 4.825058988496223888e-02
3.237523543862434738e-02 4.218015670151430835e-02
2.261985701888985165e-02 3.583190532413600693e-02
1.408176209742109837e-02 2.891683851828285440e-02
6.873903468493941342e-03 2.125825368478763411e-02
2.150002624798497044e-03 1.380827197456607931e-02
2.223347773069889465e-05 6.694563488462064796e-03
1.579644715523945923e-04 6.302125564103039021e-05
2.517141273241861512e-03 -6.209967686174331161e-03
7.602605350088392430e-03 -1.293658901305961770e-02
1.505392673781519135e-02 -1.938942877169395201e-02
2.401153439988480687e-02 -2.489028321326341997e-02
3.452565691481657845e-02 -2.973840200064881839e-02
4.624879809897805560e-02 -3.426189820139102088e-02
5.822799852271600546e-02 -3.835668288313894003e-02
7.038650109103544716e-02 -4.203573914714243964e-02
8.271463547547969197e-02 -4.533563047613344693e-02
9.520157460210586231e-02 -4.829363893300391009e-02
1.078353257294690365e-01 -5.094798718004541621e-02
1.206030412195101542e-01 -5.333806937682050719e-02
1.334912963480937020e-01 -5.550460039985369298e-02
1.464852076572118189e-01 -5.748954949807966869e-02
1.595370597097464649e-01 -5.932380065608677810e-02
1.726079245255526806e-01 -6.100954109346676951e-02
1.856959959233110413e-01 -6.254685175265929653e-02
1.987996383985809190e-01 -6.393583951899188544e-02
2.119172132080869297e-01 -6.517661192926667291e-02
2.250470797561739678e-01 -6.626927743839115814e-02
2.381876003669770592e-01 -6.721394581622931741e-02
2.513371324236154947e-01 -6.801072752834150248e-02
2.644940344117643338e-01 -6.865973425847121669e-02
2.776566659692762395e-01 -6.916107882926732231e-02
2.908233825568024011e-01 -6.951487500777114859e-02
3.039925418659454870e-01 -6.972123778937300287e-02
3.171638262869742597e-01 -6.978046283545190354e-02
3.303403665871244010e-01 -6.969502895704578205e-02
3.435217226979715988e-01 -6.946887498411699613e-02
3.567069826224878448e-01 -6.910597699141170225e-02
3.698952304393330892e-01 -6.861032314012489863e-02
3.830856091805056596e-01 -6.798591045974178293e-02
3.962771442938128885e-01 -6.723675281866929587e-02
4.094689363768664325e-01 -6.636687270321255105e-02
4.226600571207466128e-01 -6.538030589771182122e-02
4.358495347367031258e-01 -6.428110392806982154e-02
4.490364791042804615e-01 -6.307332373568762252e-02
4.622198905357451371e-01 -6.176104402920582631e-02
4.753988361554966624e-01 -6.034834984728201096e-02
4.885723676703466190e-01 -5.883933956566675394e-02
5.017395343750342684e-01 -5.723812476856659365e-02
5.149024783959245122e-01 -5.554910566530154442e-02
5.280635390268609841e-01 -5.377847368218735546e-02
5.412238370900890327e-01 -5.193290330658372617e-02
5.543844131431139299e-01 -5.001911133803706166e-02
5.675463115313351681e-01 -4.804384656992610053e-02
5.807106432280330077e-01 -4.601388016499747408e-02
5.938783905551040521e-01 -4.393603591709136641e-02
6.070507291732534227e-01 -4.181714037612023482e-02
6.202286162600506580e-01 -3.966408822943742057e-02
6.334132159563420350e-01 -3.748377430675880334e-02
6.466055379351854926e-01 -3.528315246663216165e-02
6.598067176583353177e-01 -3.306918969898835214e-02
6.730163879863207965e-01 -3.084913955122276299e-02
6.862205711864053370e-01 -2.863256824698698355e-02
6.994158724107317759e-01 -2.642724782367170122e-02
7.126033863803664659e-01 -2.424016200153987846e-02
7.257841682535304262e-01 -2.207826704325223724e-02
7.389593401728127287e-01 -1.994847446335533056e-02
7.521299045509179937e-01 -1.785768156265863868e-02
7.652970175154247823e-01 -1.581272779391946354e-02
7.784616383470369660e-01 -1.382045024647319056e-02
7.916249260229095697e-01 -1.188762247922943611e-02
8.047878775906387450e-01 -1.002100989676551167e-02
8.179515823547919284e-01 -8.227332029414712380e-03
8.311171116664217706e-01 -6.513279507164642171e-03
8.442854805327255630e-01 -4.885518631771529341e-03
8.574561960344123657e-01 -3.350959737752932238e-03
8.706038547448106124e-01 -1.927445467110343964e-03
8.837182309664178836e-01 -6.445923181633465100e-04
8.967976901816024915e-01 4.682271499541274451e-04
9.098402609078619641e-01 1.382242079560968813e-03
9.228447396653890467e-01 2.069355068433716312e-03
9.358097252815976708e-01 2.502042600151029028e-03
9.487338571020680345e-01 2.653363370181916099e-03
9.616164385176773077e-01 2.496929199132689233e-03
9.744571235243499885e-01 2.006823063735258851e-03
9.872559590574495614e-01 1.157522971767039038e-03
1.000013543064939503e+00 -7.620525970353526760e-05
