
9.999923655208549089e-01 9.999424361396419547e-01
9.905072476174682228e-01 1.000054800848905190e+00
9.810209227908360807e-01 1.000016647107652812e+00
9.715343383064432015e-01 9.998307138758625312e-01
9.620484645343474472e-01 9.994997447163747051e-01
9.525642940462784036e-01 9.990264895122964450e-01
9.430828328654986548e-01 9.984137054518723575e-01
9.336051007832100179e-01 9.976641579609286659e-01
9.241321721310880033e-01 9.967806256743989568e-01
9.146651180266577308e-01 9.957658974982042110e-01
9.052050263421200782e-01 9.946227746981874951e-01
8.957529957394090303e-01 9.933540709528920765e-01
8.863101216814520678e-01 9.919626106564181089e-01
8.768778441960825010e-01 9.904512724690287540e-01
8.674607313713523782e-01 9.888226778265298833e-01
8.580615155183477505e-01 9.870779473339157395e-01
8.486819236234610653e-01 9.852179381373272760e-01
8.393236870176637998e-01 9.832435121510270104e-01
8.299885427568083340e-01 9.811555365712611998e-01
8.206782254879017025e-01 9.789548821958836688e-01
8.113944710776074265e-01 9.766424241386340022e-01
8.021390128668980379e-01 9.742190408523158096e-01
7.929135921429840694e-01 9.716856168700166441e-01
7.837199481459471428e-01 9.690430403475540633e-01
7.745595113409712296e-01 9.662921364377969891e-01
7.654322153023089825e-01 9.634336807580305972e-01
7.563384313986053487e-01 9.604688934416646395e-01
7.472786684105010568e-01 9.573990456538927774e-01
7.382534305445330736e-01 9.542254084029963002e-01
7.292632259462649147e-01 9.509492553634490974e-01
7.203085565684268499e-01 9.475718592002790874e-01
7.113899456901359164e-01 9.440945020384853281e-01
7.025079144053318903e-01 9.405184671620547832e-01
6.936629847854298703e-01 9.368450401649766057e-01
6.848556759937739491e-01 9.330755072823964102e-01
6.760865158800726249e-01 9.292111603463415470e-01
6.673560411927929037e-01 9.252532973908601521e-01
6.586647849845586045e-01 9.212032172234662086e-01
6.500132794035106132e-01 9.170622205024120399e-01
6.414020568830162139e-01 9.128316102297089341e-01
6.328316654758834314e-01 9.085126995524342997e-01
6.243026464909993134e-01 9.041068010157159440e-01
6.158155411626585751e-01 8.996152296685047123e-01
6.073708866192817357e-01 8.950393008102118797e-01
5.989692382625039224e-01 8.903803422446940896e-01
5.906111432473526435e-01 8.856396801905571659e-01
5.822971485331128738e-01 8.808186434434552847e-01
5.740277184284942047e-01 8.759185214176566925e-01
5.658029648243099174e-01 8.709404622280904062e-01
5.576229392945422081e-01 8.658856156048650998e-01
5.494876982511628372e-01 8.607551359940504021e-01
5.413972944667471143e-01 8.555501769685920355e-01
5.333517986574028980e-01 8.502719052921169363e-01
5.253512734815879437e-01 8.449214845032196886e-01
5.173957793306261932e-01 8.395000783848667325e-01
5.094853770144139871e-01 8.340088527001258134e-01
5.016201401092501566e-01 8.284489840242645897e-01
4.938001353306558094e-01 8.228216463061154284e-01
4.860254246321176752e-01 8.171280119807736719e-01
4.782960766655989238e-01 8.113692602768506346e-01
4.706121654177847224e-01 8.055465765990874605e-01
4.629737601069112141e-01 7.996611450177018021e-01
4.553809222857263528e-01 7.937141456761415137e-01
4.478337280851394375e-01 7.877067721488424379e-01
4.403322499428065084e-01 7.816402174756480470e-01
4.328765570664316331e-01 7.755156743091011773e-01
4.254668616369845502e-01 7.693344327553943707e-01
4.181037793737557018e-01 7.630977871534465606e-01
4.107874041699201562e-01 7.568063517131983220e-01
4.035177682526882026e-01 7.504606836867513397e-01
3.962949065691063200e-01 7.440613428769377036e-01
3.891188565528350685e-01 7.376088916022505160e-01
3.819896538458603663e-01 7.311038909291405208e-01
3.749073305484501573e-01 7.245468989210205324e-01
3.678719265847950615e-01 7.179384811510653996e-01
3.608834789766229845e-01 7.112792009371919910e-01
3.539420232248757792e-01 7.045696204916575001e-01
3.470475953092685972e-01 6.978103027910033118e-01
3.402002354529438666e-01 6.910018153785950634e-01
3.333999813575491689e-01 6.841447237943634185e-01
3.266469314542216895e-01 6.772396469524825102e-01
3.199415900118963152e-01 6.702874088351146176e-01
3.132842944433195109e-01 6.632884527571689670e-01
3.066753288995850979e-01 6.562431586813076700e-01
3.001149773905564810e-01 6.491519066818577377e-01
2.936035245532338522e-01 6.420150777895576866e-01
2.871412544658711874e-01 6.348330527205071627e-01
2.807284507656146455e-01 6.276062119754999280e-01
2.743653976381453807e-01 6.203349369527000334e-01
2.680523790024330055e-01 6.130196090491767391e-01
2.617896784638179541e-01 6.056606095939902623e-01
2.555775794423650327e-01 5.982583199865848522e-01
2.494163657063472317e-01 5.908131223406949406e-01
2.433063205991712052e-01 5.833253985708696243e-01
2.372477271826364809e-01 5.757955305469482088e-01
2.312408686965888860e-01 5.682239006644537183e-01
2.252860281767525286e-01 5.606108913806017169e-01
2.193835053998179352e-01 5.529569069225125366e-01
2.135350161515165990e-01 5.452636572849641761e-01
2.077428294242058271e-01 5.375319631045211155e-01
2.020085924549214484e-01 5.297615406649868186e-01
1.963339565138226828e-01 5.219521180477986189e-01
1.907205566951501452e-01 5.141034075709219886e-01
1.851700221498238375e-01 5.062151191248489557e-01
1.796839824900995641e-01 4.982869692539518836e-01
1.742640748128864159e-01 4.903186921036269408e-01
1.689119074337732118e-01 4.823099862055281739e-01
1.636290954452258861e-01 4.742605658391567669e-01
1.584172518976497968e-01 4.661701486286337626e-01
1.532779895967144312e-01 4.580384586815118286e-01
1.482128998630458105e-01 4.498651925631682591e-01
1.432235787713108111e-01 4.416500600482937688e-01
1.383116208260668778e-01 4.333927746835823380e-01
1.334786161704354657e-01 4.250930492742052147e-01
1.287261386108464745e-01 4.167505744648029031e-01
1.240557647948126174e-01 4.083650509225781322e-01
1.194690273745520753e-01 3.999361055745840887e-01
1.149644166134149853e-01 3.914595771379076328e-01
1.105391279734683624e-01 3.829341475700971942e-01
1.061915235113770617e-01 3.743615974511690370e-01
1.019199572046970287e-01 3.657437085008989897e-01
9.772277697865149049e-02 3.570822672440090995e-01
9.359834240863149080e-02 3.483791026736158813e-01
8.954499766773808822e-02 3.396360313132324449e-01
8.556107512421773365e-02 3.308548629594674217e-01
8.164490810165027368e-02 3.220374282494224416e-01
7.779483178870941207e-02 3.131855823243610559e-01
7.400916829594532398e-02 3.043011711775064909e-01
7.028622545495505358e-02 2.953860269464232413e-01
6.662602306748184600e-02 2.864448750221719187e-01
6.303101411885331240e-02 2.774819413634892484e-01
5.950262759115290678e-02 2.684969690367057238e-01
5.604226962840819226e-02 2.594896524119353343e-01
5.265133400586538559e-02 2.504596605695699751e-01
4.933121708365629382e-02 2.414066754018402428e-01
4.608331637904971440e-02 2.323303890182681908e-01
4.290901985675883018e-02 2.232304738466929228e-01
3.980971198343171563e-02 2.141065978938888892e-01
3.678677696980949680e-02 2.049584338834970765e-01
3.384186342046120038e-02 1.957863531670580581e-01
3.098015979404968381e-02 1.865963818438263200e-01
2.820781810802382508e-02 1.773904752713920674e-01
2.553062037730041700e-02 1.681690818656005060e-01
2.295431887405789684e-02 1.589327100435795059e-01
2.048458482268126005e-02 1.496817469328769468e-01
1.812705553281914600e-02 1.404166199330278142e-01
1.588732124169191587e-02 1.311377522348077806e-01
1.377092693152071751e-02 1.218455709478998145e-01
1.178336757859661625e-02 1.125404867033138606e-01
9.930075527578911126e-03 1.032228227693225558e-01
8.216444976969399308e-03 9.389291702764628045e-02
6.647823555581482483e-03 8.455107518893505147e-02
5.229514447259532572e-03 7.519756615989689474e-02
3.966783382605369029e-03 6.583265038653764167e-02
2.864849667122248110e-03 5.645648642589136401e-02
1.928901257453040450e-03 4.706919062798104597e-02
1.164099703422228271e-03 3.767083813762645700e-02
5.755842655143053902e-04 2.826144508033077984e-02
1.684788763028405214e-04 1.884096498329934644e-02
-5.210005381869261827e-05 9.409285748254220608e-03
-8.103503331478375149e-05 -3.377269959227592990e-05
