
1.000001617901329132e+00 1.425606712040476647e-05
9.879192276186248289e-01 3.067763760311027071e-03
9.756910308224449047e-01 5.749617340114101215e-03
9.633217073908613148e-01 8.107726571295338289e-03
9.508172901770418628e-01 1.019154653237081508e-02
9.381843339710762564e-01 1.205249183789519271e-02
9.254310649814834200e-01 1.374396974414708074e-02
9.125660439051247463e-01 1.532175529115745172e-02
8.995977183256590459e-01 1.684415347279874520e-02
8.865835364948811970e-01 1.835520173389213611e-02
8.735727854805767079e-01 1.985775527704564461e-02
8.605653191116792167e-01 2.134987735496553241e-02
8.475607865905846472e-01 2.282965777951042816e-02
8.345587735500906712e-01 2.429519627910663171e-02
8.215589316889319038e-01 2.574458775866888746e-02
8.085608454610869744e-01 2.717593730368466146e-02
7.955641661519824437e-01 2.858734523312498818e-02
7.825684805863329929e-01 2.997692154516225574e-02
7.695734366401564275e-01 3.134277227334845983e-02
7.565786254680110234e-01 3.268301207664098956e-02
7.435836901594955473e-01 3.399575279285044216e-02
7.305882268733622231e-01 3.527911363841924886e-02
7.175918729440583510e-01 3.653121226873337624e-02
7.045942301717134093e-01 3.775017236356215111e-02
6.915950874905173462e-01 3.893408592599521129e-02
6.785949678665122997e-01 4.008071192302421759e-02
6.655941742463840072e-01 4.118761859987783713e-02
6.525929372798139338e-01 4.225237897622116656e-02
6.395914869198663366e-01 4.327257027316352977e-02
6.265900646942565988e-01 4.424577300873228092e-02
6.135888886089803096e-01 4.516957365178459610e-02
6.005882120129933943e-01 4.604156034158987665e-02
5.875882391251958659e-01 4.685932875699499317e-02
5.745892360264396315e-01 4.762047482423650835e-02
5.615913957993842187e-01 4.832260307977718355e-02
5.485949844880807502e-01 4.896331814742837379e-02
5.356001995633807855e-01 4.954023243090252548e-02
5.226072918213359175e-01 5.005095994150290939e-02
5.096164733204675557e-01 5.049312056590220255e-02
4.966276861929542208e-01 5.086435465269376760e-02
4.836310208764157959e-01 5.116526025955330653e-02
4.706211136363411263e-01 5.140271968705104055e-02
4.575977992502123226e-01 5.158444227269105842e-02
4.445610776225863980e-01 5.171817774566582482e-02
4.315107483835598501e-01 5.181172143986206152e-02
4.184468528890770145e-01 5.187291028109994317e-02
4.053691712303269523e-01 5.190962672578763176e-02
3.922821632960414862e-01 5.192931451857456249e-02
3.792106757833260677e-01 5.192900716017505303e-02
3.661594457246638568e-01 5.189570619788012179e-02
3.531294719088238776e-01 5.181612465496673176e-02
3.401214226246965233e-01 5.167709974616004065e-02
3.271362149629730709e-01 5.146559479970307799e-02
3.141745981270006038e-01 5.116869458553963135e-02
3.012373492373076056e-01 5.077360546546103720e-02
2.883152173795797135e-01 5.026899257813687016e-02
2.753897939248209359e-01 4.965496339981717577e-02
2.624603233789754020e-01 4.893719814921872191e-02
2.495267827686099560e-01 4.812144646822930777e-02
2.365890304681455836e-01 4.721347563386434076e-02
2.236469943444352459e-01 4.621908164758643800e-02
2.107006014629640156e-01 4.514408565202005646e-02
1.977497333549008141e-01 4.399432988414114093e-02
1.847943730159105347e-01 4.277569078717496226e-02
1.718343593942416314e-01 4.149405678597548053e-02
1.588697087351408355e-01 4.015535894999834599e-02
1.459062158088423877e-01 3.876589844475677310e-02
1.330565184600931428e-01 3.731113814646546539e-02
1.203785376044625988e-01 3.571134154153765561e-02
1.078847854154878633e-01 3.388079355283289684e-02
9.555133696641714136e-02 3.173485515949443780e-02
8.290244627587155246e-02 2.925310366265400711e-02
7.031687684987200648e-02 2.684380057247552631e-02
5.754800599063791128e-02 2.454035794084961572e-02
4.534997113706646515e-02 2.211486136012338899e-02
3.390344211325397455e-02 1.927462786494798380e-02
2.324983304509984500e-02 1.578872395823819469e-02
1.296572007595687449e-02 1.117711874185338232e-02
3.854096588757766062e-03 5.450481927085801433e-03
1.021418505407087557e-03 2.344729637179463096e-03
4.622745493062447360e-04 8.241893009797072144e-04
5.363641723192417781e-04 -3.388159334603556305e-04
1.239359174248131539e-03 -1.660525404088057438e-03
4.044428963610097183e-03 -3.964171993253879159e-03
1.306800589959595041e-02 -7.726311461257674013e-03
2.399189058930146709e-02 -1.034524042735511344e-02
3.586414951077197127e-02 -1.219404269686969605e-02
4.808286413746771376e-02 -1.356178376124493080e-02
6.059110159298868731e-02 -1.455251676656686352e-02
7.336576355792479021e-02 -1.528954144617385331e-02
8.630081155225237388e-02 -1.589173390023656054e-02
9.924854990461369486e-02 -1.639229941081751449e-02
1.122055145281882216e-01 -1.679644085656376018e-02
1.251715787160822546e-01 -1.710946567794363951e-02
1.381467542491098821e-01 -1.733670504428140927e-02
1.511309198665360398e-01 -1.748350734334009476e-02
1.641240356503731179e-01 -1.755524297704335809e-02
1.771260159245579835e-01 -1.755730250447447988e-02
1.901367681495682305e-01 -1.749509772910018413e-02
2.031562391684337554e-01 -1.737406140998218676e-02
2.161842936521539138e-01 -1.719964842167196611e-02
2.292209071686349686e-01 -1.697733378919657685e-02
2.422659111658499731e-01 -1.671261644987981354e-02
2.553193055415677315e-01 -1.641101387315130333e-02
2.683809040603641893e-01 -1.607806939361176163e-02
2.814507068164887049e-01 -1.571934377321787188e-02
2.945285367522696429e-01 -1.534042441507457027e-02
3.076132563883447468e-01 -1.494681630312591838e-02
3.206995862745866122e-01 -1.454179314179617107e-02
3.337868794093468150e-01 -1.412645539157914194e-02
3.468751708974164294e-01 -1.370181751887145430e-02
3.599645213242531616e-01 -1.326889389648534465e-02
3.730549665078867760e-01 -1.282870043134929153e-02
3.861465664649786911e-01 -1.238225294895250669e-02
3.992393575135975703e-01 -1.193056880202788932e-02
4.123333993391678498e-01 -1.147466526886678669e-02
4.254287285425459864e-01 -1.101556115428684729e-02
4.385254047127780108e-01 -1.055427518844964663e-02
4.516234645123048952e-01 -1.009182763520291223e-02
4.647216545245504427e-01 -9.629285017024117807e-03
4.778182433253737593e-01 -9.167730826632188718e-03
4.909132427805397159e-01 -8.708186332864036386e-03
5.040067127057924479e-01 -8.251670386094136708e-03
5.170986894425514402e-01 -7.799201928884120193e-03
5.301892326472940065e-01 -7.351798367315111153e-03
5.432783788611320608e-01 -6.910477174430418833e-03
5.563661873607930186e-01 -6.476254325557817548e-03
5.694526951241494217e-01 -6.050145815984122981e-03
5.825379608312812874e-01 -5.633166203013423995e-03
5.956220221369925572e-01 -5.226329997211672657e-03
6.087049369114198027e-01 -4.830650349446788915e-03
6.217867437294821720e-01 -4.447140280407333238e-03
6.348674994417586870e-01 -4.076811544667199860e-03
6.479472437893171177e-01 -3.720675670251012788e-03
6.610260323973851104e-01 -3.379743023861597750e-03
6.741039064218256049e-01 -3.055023641031560325e-03
6.871809200607592594e-01 -2.747526507052288746e-03
7.002571175957496008e-01 -2.458260137221232947e-03
7.133327840889326366e-01 -2.188169759636834997e-03
7.264080869152057529e-01 -1.937983966180750750e-03
7.394829323784710695e-01 -1.708384572648387551e-03
7.525572232685510121e-01 -1.500053133540852311e-03
7.656308637100823766e-01 -1.313670847897151434e-03
7.787037579789822805e-01 -1.149918583678350001e-03
7.917758087528949940e-01 -1.009476895884421806e-03
8.048469219177708522e-01 -8.930259729403690946e-04
8.179169986141028303e-01 -8.012457143079039674e-04
8.309859464635251936e-01 -7.348156382249963888e-04
8.440536649797075741e-01 -6.944149752470807607e-04
8.571200636471230094e-01 -6.807225853699271512e-04
8.701850402636674975e-01 -6.944170149676445443e-04
8.832485063050523610e-01 -7.361764805890938642e-04
8.963103577654645271e-01 -8.066788272166035018e-04
9.093835642243565109e-01 -9.046983671532832574e-04
9.224716431534938366e-01 -1.009307478101558863e-03
9.355128663269203226e-01 -1.088020301226991574e-03
9.485049749596600188e-01 -1.109310323653317325e-03
9.614491624717350637e-01 -1.042373722995281349e-03
9.743458028396204673e-01 -8.570853816259783745e-04
9.871958520797241565e-01 -5.239739503034449367e-04
1.000000336347019791e+00 -1.419032143371299637e-05
