
9.999968752463278543e-01 -2.446548895524507169e-06
9.870889515071381570e-01 1.753360158892576428e-03
9.741242243408834156e-01 3.435152319257325781e-03
9.611080136815564057e-01 5.063653094086905358e-03
9.480458582020574454e-01 6.659891142742467400e-03
9.349464627708282682e-01 8.244849544452339390e-03
9.218622123765175536e-01 9.834492425513253339e-03
9.088154954237014360e-01 1.144828388043742790e-02
8.958098537671876915e-01 1.310751062879181826e-02
8.828198444300815462e-01 1.482743008283747901e-02
8.698351802603072613e-01 1.660603809389586683e-02
8.568546317504390775e-01 1.843877540846071764e-02
8.438769724558073948e-01 2.032106698642182144e-02
8.309009199016534897e-01 2.224833062512201337e-02
8.179252919929034249e-01 2.421595367207222266e-02
8.049487806619692876e-01 2.621932661574609066e-02
7.919702037831611863e-01 2.825380474702612887e-02
7.789882801920128275e-01 3.031474252556893775e-02
7.660017832461547549e-01 3.239746964430868792e-02
7.530094688877729814e-01 3.449730214141419338e-02
7.400100699717161445e-01 3.660954334865924170e-02
7.270023739248457906e-01 3.872947118367223857e-02
7.139888989088322147e-01 4.085173878304287215e-02
7.009785732498546862e-01 4.296994769160064620e-02
6.879706194431177702e-01 4.507937120940133657e-02
6.749641707740592356e-01 4.717568875419021757e-02
6.619591920620016001e-01 4.925457405543361145e-02
6.489555665317664479e-01 5.131172680426691196e-02
6.359532357406717518e-01 5.334285013869424080e-02
6.229521231023751326e-01 5.534366286953860264e-02
6.099521375026325520e-01 5.730989870529158009e-02
5.969532457227477718e-01 5.923729536188791084e-02
5.839553264279855327e-01 6.112161638869384461e-02
5.709583704504631596e-01 6.295862167485423433e-02
5.579622600375858665e-01 6.474409943834386061e-02
5.449669553095347618e-01 6.647383959038638546e-02
5.319723888467808859e-01 6.814364870491426696e-02
5.189784696172944356e-01 6.974934891585421459e-02
5.059851832409935080e-01 7.128676567162393896e-02
4.929924046285773520e-01 7.275175042142628667e-02
4.800001053587594213e-01 7.414015588862826744e-02
4.670081978918226295e-01 7.544785412501778255e-02
4.540165937274111552e-01 7.667072935904772901e-02
4.410252635048305114e-01 7.780467284222651603e-02
4.280340728879403200e-01 7.884559746797802082e-02
4.150429716299652849e-01 7.978942085224875747e-02
4.020518631690245259e-01 8.063207637564528962e-02
3.890606260742051625e-01 8.136951017098890959e-02
3.760692142803671034e-01 8.199767552574574458e-02
3.630774675038666577e-01 8.251254269894126026e-02
3.500852814387515055e-01 8.291008929134593974e-02
3.370925576631390586e-01 8.318630341339686152e-02
3.240991208975533278e-01 8.333718438442822007e-02
3.111048561209373009e-01 8.335873919344211069e-02
2.981097499242866822e-01 8.324698276434076838e-02
2.851198880304188776e-01 8.299673574377224028e-02
2.721427919763229619e-01 8.259960008150221689e-02
2.591834016594718459e-01 8.204669501726237490e-02
2.462466482067832141e-01 8.132920780401516059e-02
2.333375537499866037e-01 8.043840352878119104e-02
2.204609501490470136e-01 7.936560944897974590e-02
2.076216531470052862e-01 7.810222306032177375e-02
1.948245202692849287e-01 7.663972111759899397e-02
1.820742619648722804e-01 7.496964038464837277e-02
1.693754900455888834e-01 7.308357641056396903e-02
1.567328023822862626e-01 7.097319276198987836e-02
1.441507706191136606e-01 6.863022040714344962e-02
1.316337078846289144e-01 6.604640813164573687e-02
1.191859198754231935e-01 6.321355817912420461e-02
1.068116377511981463e-01 6.012350954586270779e-02
9.451497100682119956e-02 5.676811767646582074e-02
8.229983249207378782e-02 5.313921771163208907e-02
7.021335473959114393e-02 4.923929031987318850e-02
5.865655861086573053e-02 4.506688147147200341e-02
4.779161165373886633e-02 4.042636363741454464e-02
3.712409348753863830e-02 3.499989570122054999e-02
2.624793079294469866e-02 2.882655737082633063e-02
1.635883087771733066e-02 2.266096680644742387e-02
8.241258617889447510e-03 1.589373112131222190e-02
2.686177250081122139e-03 8.849115747330518061e-03
4.472085772866658902e-04 3.197842977194234604e-03
3.963437268761098222e-04 -1.311905713331855969e-03
2.333540274759796345e-03 -6.229353982565423963e-03
7.228698529930319659e-03 -1.204522496028061565e-02
1.478796444321531407e-02 -1.737243368899661980e-02
2.418816266389030994e-02 -2.141709241604113773e-02
3.542186670895743072e-02 -2.489569591363481951e-02
4.709920297008256262e-02 -2.767769253432649651e-02
5.919629312794137677e-02 -2.990494279444104453e-02
7.170264171138596154e-02 -3.174897751784049038e-02
8.450251623260258971e-02 -3.338316603133897192e-02
9.734546446016664745e-02 -3.485254297131248208e-02
1.102170447012367077e-01 -3.616485326997966043e-02
1.231163945964146023e-01 -3.732899841083756748e-02
1.360425306210396312e-01 -3.835392590849803079e-02
1.489945832165787687e-01 -3.924865140354189680e-02
1.619715445944573673e-01 -4.002223978000602617e-02
1.749723598122440438e-01 -4.068381632521424207e-02
1.879961329121928038e-01 -4.124257677411775902e-02
2.010417015366152693e-01 -4.170776801882385143e-02
2.141080549241280717e-01 -4.208870837405623982e-02
2.271941601575632186e-01 -4.239477915547029685e-02
2.402988527199308444e-01 -4.263542391036204832e-02
2.534211946696495743e-01 -4.282015575261900742e-02
2.665599695300763794e-01 -4.295854871991559160e-02
2.797141789468449713e-01 -4.306024569333957025e-02
2.928827080679480277e-01 -4.313495420390641572e-02
3.060624617222547084e-01 -4.319224271649851205e-02
3.192391196953365817e-01 -4.323613292592079493e-02
3.324099754550946528e-01 -4.326452637926847533e-02
3.455751202739505423e-01 -4.327501668517690081e-02
3.587347099099146841e-01 -4.326520157693351104e-02
3.718888312576728583e-01 -4.323268282718635558e-02
3.850376357659532345e-01 -4.317506614598252274e-02
3.981812264061663220e-01 -4.308996138753311278e-02
4.113197343924448468e-01 -4.297498229674093922e-02
4.244532852129832001e-01 -4.282774659789893162e-02
4.375819888760562604e-01 -4.264587619359059417e-02
4.507059948589093867e-01 -4.242699637501280013e-02
4.638253910926479762e-01 -4.216873736675891965e-02
4.769403405606965074e-01 -4.186873192281780065e-02
4.900509441311384773e-01 -4.152461791576485955e-02
5.031575706201603104e-01 -4.113403955817892393e-02
5.162649097367294493e-01 -4.069588846456860531e-02
5.293749300899275312e-01 -4.021188012109493809e-02
5.424875522507059955e-01 -3.968411972153222667e-02
5.556027522898240312e-01 -3.911471341177293060e-02
5.687204393584553985e-01 -3.850577330377411012e-02
5.818405779581026227e-01 -3.785941226444766716e-02
5.949630982561684434e-01 -3.717774791732586515e-02
6.080879434450566778e-01 -3.646290046168791654e-02
6.212150639187841161e-01 -3.571699284341886549e-02
6.343443828581103450e-01 -3.494215274880703437e-02
6.474758700648309828e-01 -3.414050830638958728e-02
6.606094358882004247e-01 -3.331419440822830369e-02
6.737450509433791090e-01 -3.246534540765258492e-02
6.868826343570608728e-01 -3.159610210353875487e-02
7.000221245549734794e-01 -3.070860729693682817e-02
7.131595523176689211e-01 -2.980441966361034242e-02
7.262908064591186985e-01 -2.888172022195949554e-02
7.394155168937133205e-01 -2.793759879062845952e-02
7.525333723210706482e-01 -2.696914701661174210e-02
7.656439961905140423e-01 -2.597346734788883241e-02
7.787470946404161376e-01 -2.494766200594634997e-02
7.918422940232401341e-01 -2.388884532221966298e-02
8.049292872525132259e-01 -2.279413234325671639e-02
8.180077266837815220e-01 -2.166064732715834718e-02
8.310772781511976959e-01 -2.048551941152387118e-02
8.441376265092642717e-01 -1.926588187559924795e-02
8.571884092306002456e-01 -1.799887835526823437e-02
8.702293360985131621e-01 -1.668165142824834524e-02
8.832600448512082369e-01 -1.531135663504718317e-02
8.962802351992550376e-01 -1.388514902391090912e-02
9.092895767735584833e-01 -1.240019249068750017e-02
9.222877380464347130e-01 -1.085365694743684918e-02
9.352744274930857582e-01 -9.242713147411207864e-03
9.482492878328776520e-01 -7.564545583336209841e-03
9.612120448919265758e-01 -5.816333766084699070e-03
9.741623694431735814e-01 -3.995269698642907492e-03
9.870999538858662437e-01 -2.098547966053257875e-03
1.000024515743040077e+00 -1.233645215989172088e-04
