
9.999834248629323463e-01 7.161405508793834349e-04
9.869540316486753451e-01 1.697723691500854131e-03
9.739294311305826124e-01 2.696015429640805094e-03
9.609112823227417000e-01 3.717080170514598311e-03
9.479011054733537112e-01 4.766966197403568403e-03
9.349005095218317907e-01 5.851688112060078086e-03
9.219110665337642008e-01 6.977236717324048626e-03
9.089343249303751815e-01 8.149578360413703426e-03
8.959719145499632775e-01 9.374645256210548463e-03
8.830253284312199469e-01 1.065835570950565171e-02
8.700962099745678247e-01 1.200658665060839493e-02
8.571860583608150730e-01 1.342520268403210246e-02
8.442939947704979353e-01 1.492009271860249113e-02
8.314035316972286926e-01 1.649241541802973915e-02
8.185098906465110291e-01 1.813459090048206643e-02
8.056114379038813444e-01 1.983823354781082474e-02
7.927067887256926682e-01 2.159487265805891051e-02
7.797943552332943229e-01 2.339601083140224053e-02
7.668726557841051283e-01 2.523308222846594451e-02
7.539401751633726390e-01 2.709747086681455960e-02
7.409953466867644778e-01 2.898051312393037926e-02
7.280369973053898436e-01 3.087343234560509242e-02
7.150778922968528128e-01 3.276574133945585332e-02
7.021246259477954554e-01 3.465011943954491441e-02
6.891768647998941510e-01 3.652112674253889940e-02
6.762341551430198772e-01 3.837336302342921751e-02
6.632962060078743116e-01 4.020142539690219757e-02
6.503626094509294964e-01 4.199994836441998253e-02
6.374330380568445920e-01 4.376357567602029430e-02
6.245071351378089775e-01 4.548697579690189757e-02
6.115845287220045279e-01 4.716483959409135257e-02
5.986649181483405524e-01 4.879186918574178466e-02
5.857478901347787925e-01 5.036280131800721649e-02
5.728331690368220208e-01 5.187237606301162152e-02
5.599203483424510797e-01 5.331536940749387332e-02
5.470091043057310198e-01 5.468656761105157582e-02
5.340990961775072821e-01 5.598077909204599023e-02
5.211899266018841237e-01 5.719283743299465039e-02
5.082813159560051197e-01 5.831758473194219305e-02
4.953728299204781527e-01 5.934989637563471004e-02
4.824641334239829216e-01 6.028465777262337344e-02
4.695532060015491505e-01 6.111705503621386870e-02
4.566310511651927584e-01 6.184659991855355476e-02
4.436970466955951209e-01 6.247606855249016045e-02
4.307522637931232024e-01 6.300829532880253270e-02
4.177977405017792578e-01 6.344612329336080103e-02
4.048345071908607817e-01 6.379240222484149070e-02
3.918636466837715493e-01 6.404998729439995153e-02
3.788861788042769407e-01 6.422174186367682336e-02
3.659031863301844822e-01 6.431053486209634129e-02
3.529157250892008268e-01 6.431924245838706311e-02
3.399285356464127328e-01 6.425013530374656945e-02
3.269497688788548517e-01 6.410097271816851683e-02
3.139805806188970538e-01 6.386750695802073663e-02
3.010217652767454566e-01 6.354549320797174550e-02
2.880741658694349616e-01 6.313070105617558936e-02
2.751386348294936335e-01 6.261891461967120098e-02
2.622159493738548397e-01 6.200592870158157938e-02
2.493069709582444726e-01 6.128755536592025294e-02
2.364124765764503699e-01 6.045961597798050341e-02
2.235332540331964879e-01 5.951794501149976213e-02
2.106701415832388236e-01 5.845839397186586989e-02
1.978238622852945272e-01 5.727681782284262113e-02
1.849952077888820656e-01 5.596908902081312864e-02
1.721851282834854502e-01 5.453110835473125306e-02
1.594025897113129642e-01 5.295780341100204264e-02
1.466556029769389424e-01 5.123883531681406450e-02
1.339474198757037438e-01 4.936254112512621084e-02
1.212812086207416262e-01 4.731735221656124812e-02
1.086602214327530153e-01 4.509181945087945703e-02
9.608888429023566824e-02 4.267480390549453773e-02
8.362031413019395398e-02 4.005385617249065944e-02
7.130764338062076102e-02 3.719043230566791702e-02
5.918221647849070816e-02 3.403993895053602364e-02
4.727526471012134107e-02 3.056039109702480411e-02
3.590793571469550610e-02 2.674586094968181907e-02
2.534089016100580030e-02 2.239586494135936343e-02
1.551625266324710775e-02 1.723040365510035074e-02
6.693946766382290192e-03 1.122359322013932736e-02
2.133824630426994773e-03 6.382195368547578969e-03
5.110263546199136572e-04 2.252851429957688535e-03
7.166547528121439484e-04 -1.082396076862941585e-03
2.747879763065272374e-03 -4.688638543036900350e-03
7.166001282866525310e-03 -8.181465748775608102e-03
1.423353208239932534e-02 -1.040871560598208637e-02
2.649521101330425121e-02 -1.251402064261054534e-02
3.908974489756249920e-02 -1.436239570762482681e-02
5.176199409285272418e-02 -1.596981283513789623e-02
6.452736251163829206e-02 -1.739976407529655530e-02
7.739833914962365724e-02 -1.871821469362887000e-02
9.032990954422667751e-02 -1.997563852337356019e-02
1.032751383754799551e-01 -2.117891281001391124e-02
1.162328935783513983e-01 -2.232971989187092221e-02
1.292022417444060045e-01 -2.342976411047967625e-02
1.421821923761857898e-01 -2.448074753235700979e-02
1.551718031787080454e-01 -2.548437892346268330e-02
1.681701005007888994e-01 -2.644236709521649575e-02
1.811761228645701050e-01 -2.735642440145239981e-02
1.941889145803372407e-01 -2.822826606865084381e-02
2.072069458026439825e-01 -2.905951219948553488e-02
2.202264286966786888e-01 -2.985027997425118360e-02
2.332466366172374905e-01 -3.059954385109324090e-02
2.462673820052057039e-01 -3.130625710961632696e-02
2.592884989843911581e-01 -3.196937506952778063e-02
2.723098096611177299e-01 -3.258785318633429517e-02
2.853311380486696636e-01 -3.316064784896897294e-02
2.983523173959098385e-01 -3.368671663434581742e-02
3.113731613742768412e-01 -3.416501713640492099e-02
3.243935112497043916e-01 -3.459450880104632947e-02
3.374131806843919112e-01 -3.497415090376307378e-02
3.504320065783489424e-01 -3.530290426930728781e-02
3.634498125495957965e-01 -3.557973011492557291e-02
3.764664247170030342e-01 -3.580359055754190473e-02
3.894816791067806649e-01 -3.597344864880354376e-02
4.024953908706208061e-01 -3.608826796242777663e-02
4.155074042869764117e-01 -3.614701316139364018e-02
4.285175369436678428e-01 -3.614864948348105872e-02
4.415256265054688378e-01 -3.609214302448618406e-02
4.545315023260315668e-01 -3.597646060718953653e-02
4.675349907342771782e-01 -3.580056988751082608e-02
4.805359341418402597e-01 -3.556343903511680754e-02
4.935341491223370625e-01 -3.526403741723038721e-02
5.065312267999755313e-01 -3.490150685532123626e-02
5.195340892437187996e-01 -3.447811468161186832e-02
5.325435960782592959e-01 -3.399881086253296603e-02
5.455598237821379648e-01 -3.346864894354445452e-02
5.585829087974386598e-01 -3.289269840893390556e-02
5.716128779736803223e-01 -3.227605209646742385e-02
5.846498990572475130e-01 -3.162381498899976412e-02
5.976939914835500689e-01 -3.094111798031000740e-02
6.107452970936309011e-01 -3.023310461360247461e-02
6.238038788789537215e-01 -2.950494141173666193e-02
6.368698414468432212e-01 -2.876181160748393986e-02
6.499432863724230458e-01 -2.800891757388800085e-02
6.630238507332429920e-01 -2.725150767800521220e-02
6.761010598177937814e-01 -2.649543177766203877e-02
6.891700875229929135e-01 -2.574620706205125661e-02
7.022309623723420602e-01 -2.500905085572358022e-02
7.152838537715502376e-01 -2.428915343033262453e-02
7.283287750064022514e-01 -2.359169473562012370e-02
7.413658879467521778e-01 -2.292182769492562625e-02
7.544005936097528675e-01 -2.228395534727395030e-02
7.674687691634515252e-01 -2.166562265277123533e-02
7.805148277490343567e-01 -2.104027383291548828e-02
7.935130366081274422e-01 -2.037912821289899687e-02
8.064632547181023181e-01 -1.965280901353940943e-02
8.193647988165311258e-01 -1.883258153637538262e-02
8.322355341484026781e-01 -1.789115045303773383e-02
8.451473277726819777e-01 -1.683089061637233277e-02
8.581088795712418227e-01 -1.568509693150282880e-02
8.711203432411248615e-01 -1.448925059297695613e-02
8.841647755098721584e-01 -1.327869651039259406e-02
8.971980066929730047e-01 -1.206567465877889968e-02
9.102172801132366597e-01 -1.084362552361057414e-02
9.232238916601103185e-01 -9.605467984468863546e-03
9.362189866591097420e-01 -8.344168907650809444e-03
9.492038255999555307e-01 -7.052717554635973447e-03
9.621241989950420903e-01 -5.719023141001533528e-03
9.749040997586753132e-01 -4.282968496988317532e-03
9.875326747293433627e-01 -2.666628556351666873e-03
9.999998090888149171e-01 -7.965850063495515717e-04
