
9.999853367003993521e-01 -1.779270323484979978e-05
9.872454327482769187e-01 2.258463334371999757e-03
9.744825435059515373e-01 4.456481188476562466e-03
9.616977707724905233e-01 6.580280828642165285e-03
9.488922503589900526e-01 8.633889266882110655e-03
9.360671574137932049e-01 1.062134066794783241e-02
9.232235768506449336e-01 1.254669635342868690e-02
9.103627243678128478e-01 1.441401097232771628e-02
8.974857159107126892e-01 1.622736737790943587e-02
8.845937230536761176e-01 1.799085345650168477e-02
8.716879188043238358e-01 1.970857029839294394e-02
8.587694299402429676e-01 2.138463823082062051e-02
8.458394745948280002e-01 2.302317883018174804e-02
8.328991595095055489e-01 2.462834105799031198e-02
8.199501790745060692e-01 2.620418117543540926e-02
8.069984726001164788e-01 2.775241148483113124e-02
7.940456255296632904e-01 2.927253345722500427e-02
7.810915596041648756e-01 3.076402724649009851e-02
7.681362005538122650e-01 3.222637275078869129e-02
7.551794650065195569e-01 3.365905109030848524e-02
7.422212836165942296e-01 3.506154202457122115e-02
7.292615702429448010e-01 3.643332734327181521e-02
7.163002532743502071e-01 3.777388746225717603e-02
7.033372511341926536e-01 3.908270404242569773e-02
6.903724870587536477e-01 4.035925842928999446e-02
6.774058845075567881e-01 4.160303214665414528e-02
6.644373613623295594e-01 4.281350743299534856e-02
6.514668461399292232e-01 4.399016571810897974e-02
6.384942530589728937e-01 4.513248992514108660e-02
6.255195104918425120e-01 4.623996188795845980e-02
6.125425350854534212e-01 4.731206464465525369e-02
5.995632505864558759e-01 4.834828079843682402e-02
5.865815787925825475e-01 4.934809329930654742e-02
5.735974378865291712e-01 5.031098553684694441e-02
5.606107548132923668e-01 5.123644042244596825e-02
5.476214436182453849e-01 5.212394196423970200e-02
5.346294320324068705e-01 5.297297337736530526e-02
5.216346355555576686e-01 5.378301886354417555e-02
5.086369774604254657e-01 5.455356226921349860e-02
4.956363784605289924e-01 5.528408776729711732e-02
4.826327561068861627e-01 5.597407984735020686e-02
4.696260362909457919e-01 5.662302270799328408e-02
4.566161323695382968e-01 5.723040132944551273e-02
4.436029708137951277e-01 5.779570019702299360e-02
4.305891168924939061e-01 5.831781073807224686e-02
4.175789568751280267e-01 5.879284241906576614e-02
4.045733353420604139e-01 5.921612216212382429e-02
3.915729924816241936e-01 5.958299541720304265e-02
3.785787684645368634e-01 5.988882058477222603e-02
3.655913696349787911e-01 6.012897526985069852e-02
3.526116120447420621e-01 6.029885035578429198e-02
3.396402517888796324e-01 6.039385384006985824e-02
3.266780355649236967e-01 6.040940929556688072e-02
3.137257839590417707e-01 6.034095632617045984e-02
3.007841939515581431e-01 6.018395009540981194e-02
2.878540573779876377e-01 5.993386210785740797e-02
2.749361184088225385e-01 5.958617936927194936e-02
2.620310876960319502e-01 5.913640323608435057e-02
2.491397609041256234e-01 5.858005368913111327e-02
2.362628093942750196e-01 5.791266128035551380e-02
2.234009582908317859e-01 5.712977335622439201e-02
2.105549506200558307e-01 5.622695378945138933e-02
1.977254308010930051e-01 5.519977401633213016e-02
1.849131101234832986e-01 5.404382386515568099e-02
1.721186637804036079e-01 5.275470399191470317e-02
1.593427135434866693e-01 5.132802188921341269e-02
1.465859358753801023e-01 4.975940265609544999e-02
1.338489417240683876e-01 4.804447506693973469e-02
1.211323165904361621e-01 4.617887362633454895e-02
1.084366881392164056e-01 4.415824785103222849e-02
9.581774235400108974e-02 4.197930701957032495e-02
8.341605099992112360e-02 3.958859521955017391e-02
7.127338583462226873e-02 3.689148840571997157e-02
5.942291591278316826e-02 3.380030138106799448e-02
4.789282369433830316e-02 3.023415935151364115e-02
3.670484955131880084e-02 2.611715205826908512e-02
2.587338629992871203e-02 2.137569170048778458e-02
1.555890605531999940e-02 1.601088411374528009e-02
7.550603009425651581e-03 1.057693868828916452e-02
2.031460004882648662e-03 4.764038671779616263e-03
5.597626491143433563e-05 1.029741561574544712e-03
3.773111168891149438e-04 -1.804947734940555350e-03
2.612714019256127864e-03 -4.841250313482163038e-03
9.255956188077986424e-03 -9.123076235626095820e-03
1.839746981518966540e-02 -1.293367992199838910e-02
2.933795966454023907e-02 -1.596073313133119717e-02
4.144504838124111329e-02 -1.862587913735025066e-02
5.368409340352132270e-02 -2.089700277147973212e-02
6.604355635738612396e-02 -2.281158743308158918e-02
7.851889360446152877e-02 -2.441002110506974507e-02
9.110474899009990413e-02 -2.573394616301790533e-02
1.037950077057698539e-01 -2.682642212667021853e-02
1.165836184111306573e-01 -2.773210159098325397e-02
1.294630230772776391e-01 -2.849719993129165227e-02
1.424212157250378252e-01 -2.916909805949188805e-02
1.553993973638526926e-01 -2.977564960563365906e-02
1.683811826878240658e-01 -3.032010736764330014e-02
1.813665690164584787e-01 -3.080441690364897275e-02
1.943555116643825853e-01 -3.123052458330944844e-02
2.073479867830644030e-01 -3.160038019313933522e-02
2.203439722918520416e-01 -3.191593607468104499e-02
2.333434181474817459e-01 -3.217914656832197157e-02
2.463463230395898929e-01 -3.239196968073379534e-02
2.593526243615293936e-01 -3.255636498649765176e-02
2.723623073479600754e-01 -3.267429555729831070e-02
2.853753307994871813e-01 -3.274772682944505214e-02
2.983916560834936060e-01 -3.277862708565204564e-02
3.114112628994377685e-01 -3.276896737717818753e-02
3.244340920244931925e-01 -3.272072155392879295e-02
3.374601369243289684e-01 -3.263586610439969671e-02
3.504893333399910493e-01 -3.251638059898780131e-02
3.635216620101280327e-01 -3.236424711809588600e-02
3.765570779801675760e-01 -3.218145077335903687e-02
3.895955420313689799e-01 -3.196997946827224990e-02
4.026370278254873813e-01 -3.173182369613095771e-02
4.156814772769206190e-01 -3.146897736310234200e-02
4.287288819384049710e-01 -3.118343622445047397e-02
4.417791727737600538e-01 -3.087720015117754319e-02
4.548323379447232750e-01 -3.055227057736869742e-02
4.678872437485815383e-01 -3.021056198618995992e-02
4.809382889377608050e-01 -2.985171424220530237e-02
4.939843874717597116e-01 -2.947303576420684523e-02
5.070253141739486935e-01 -2.907173431040364561e-02
5.200608168787352881e-01 -2.864502404757518148e-02
5.330906957958088110e-01 -2.819012297505986420e-02
5.461146739509347148e-01 -2.770425730557793051e-02
5.591325649340699311e-01 -2.718465551396984092e-02
5.721441073814981237e-01 -2.662855442377070475e-02
5.851490878187008970e-01 -2.603319446866139003e-02
5.981472757219810088e-01 -2.539582224571442295e-02
6.111384292855488454e-01 -2.471369046953329762e-02
6.241223501099454340e-01 -2.398405500885077840e-02
6.370987697358618806e-01 -2.320418109106666543e-02
6.500675052457135505e-01 -2.237133439297784090e-02
6.630283095585017827e-01 -2.148278982535498441e-02
6.759856567866359134e-01 -2.053622136149090005e-02
6.889509164607142688e-01 -1.953522893296293084e-02
7.019253296812196785e-01 -1.848748794202914256e-02
7.149093854546888505e-01 -1.740080075798181372e-02
7.279037853267984470e-01 -1.628299646644866192e-02
7.409090348527282988e-01 -1.514196517078439733e-02
7.539257926680165145e-01 -1.398562860259650736e-02
7.669539021339916163e-01 -1.282202624105698886e-02
7.799776945319281118e-01 -1.166062066140236865e-02
7.929902610357285608e-01 -1.051007835332310944e-02
8.059922632844830348e-01 -9.378345564555893091e-03
8.189842121988215595e-01 -8.273336742215838327e-03
8.319668112340707911e-01 -7.202905269276743162e-03
8.449405470036437382e-01 -6.174878367558875661e-03
8.579061918064970760e-01 -5.196991773429401884e-03
8.708641338595897174e-01 -4.276776313039505270e-03
8.838142914994788768e-01 -3.421668083128078745e-03
8.967566395709943849e-01 -2.639059376072876422e-03
9.096909822692896830e-01 -1.936312817191665828e-03
9.226173493825490235e-01 -1.320738449822168566e-03
9.355356197863092804e-01 -7.996155545642079712e-04
9.484457127737140336e-01 -3.801819023115056212e-04
9.613476323046004079e-01 -6.963459831190309149e-05
9.742412542578955392e-01 1.248636005550610986e-04
9.871266057595664556e-01 1.961900886698472388e-04
1.000003696863925873e+00 1.372562796007023881e-04
