
1.000034983798471444e+00 -6.565936557435443806e-03
9.873876771036405042e-01 -3.586838011015080086e-03
9.747026482223989374e-01 -7.367923311494811028e-04
9.619814781291660122e-01 1.991001309097613012e-03
9.492257951080919076e-01 4.603366706956739905e-03
9.364373311317490955e-01 7.107142360352547601e-03
9.236176776610439676e-01 9.509230695884515402e-03
9.107686336127617244e-01 1.181653129366965795e-02
8.978918791435035462e-01 1.403600378518046407e-02
8.849891534268233828e-01 1.617463464217764463e-02
8.720622501160362194e-01 1.823943981723996979e-02
8.591171102792271030e-01 2.023602178558820547e-02
8.461622466559243216e-01 2.216439701771019330e-02
8.331982796821524317e-01 2.402374340140403519e-02
8.202256364928303123e-01 2.581326406056711278e-02
8.072447566381161232e-01 2.753216089437729788e-02
7.942560736819850309e-01 2.917963721345508132e-02
7.812600189957454866e-01 3.075489713394390090e-02
7.682570328433250273e-01 3.225714427553551256e-02
7.552475391478751243e-01 3.368558472402638504e-02
7.422319816767546374e-01 3.503942291164101330e-02
7.292091952448458425e-01 3.631830371686328718e-02
7.161766678516017226e-01 3.752389443896950866e-02
7.031346461933905001e-01 3.865837094691820797e-02
6.900834726379011519e-01 3.972390548333281507e-02
6.770234699660098165e-01 4.072267519708571565e-02
6.639550050257269076e-01 4.165685726018440033e-02
6.508783846193041400e-01 4.252863663394925581e-02
6.377939877460959694e-01 4.334019675062664168e-02
6.247021340369052211e-01 4.409372843944971837e-02
6.116031859191480846e-01 4.479142338361902231e-02
5.984974840932867357e-01 4.543547806377822018e-02
5.853853750527955313e-01 4.602809211335947420e-02
5.722672190267596992e-01 4.657146811579467721e-02
5.591433472859275167e-01 4.706781338244608176e-02
5.460141380467964378e-01 4.751933695790598600e-02
5.328799081212407529e-01 4.792825359272323560e-02
5.197410461031711781e-01 4.829677923061129891e-02
5.065978734168391506e-01 4.862713537426692489e-02
4.934507687113661722e-01 4.892154550217645004e-02
4.803014015343050613e-01 4.918199739018374456e-02
4.671532676434059228e-01 4.940850698370816835e-02
4.540066068954775047e-01 4.960012431284625822e-02
4.408614645249880892e-01 4.975589436779800229e-02
4.277178821544900811e-01 4.987486281257474258e-02
4.145759104314364341e-01 4.995607587302892255e-02
4.014355847426187007e-01 4.999858051117987007e-02
3.882969612889664024e-01 5.000142424385539686e-02
3.751600700426167556e-01 4.996365525219752940e-02
3.620249696879390133e-01 4.988432239029207821e-02
3.488916898737458583e-01 4.976247501377793064e-02
3.357602844277643439e-01 4.959716326337409997e-02
3.226307889211449398e-01 4.938743771678743427e-02
3.095032500448288704e-01 4.913234969881181968e-02
2.963777094036365023e-01 4.883095107195926932e-02
2.832542063252553866e-01 4.848229422520800719e-02
2.701327885402496354e-01 4.808543237252129593e-02
2.570134878046508864e-01 4.763941883317664855e-02
2.438963580443198054e-01 4.714330824234761602e-02
2.307814255690001370e-01 4.659615480272111254e-02
2.176749304069839908e-01 4.599609100552400076e-02
2.045854922420678457e-01 4.533565998024063209e-02
1.915149832784358575e-01 4.460546248663095625e-02
1.784651158343322774e-01 4.379615628252459675e-02
1.654375776092120998e-01 4.289846154461305489e-02
1.524341682049748237e-01 4.190317093500763035e-02
1.394564645932631353e-01 4.080112459761472965e-02
1.265062431750355876e-01 3.958324226612049829e-02
1.135850915568907965e-01 3.824049054785468721e-02
1.006946388023778338e-01 3.676390123806926730e-02
8.786970641665839410e-02 3.514216881641329948e-02
7.515302970389800552e-02 3.333558160890903038e-02
6.254909561563148923e-02 3.129288678260520873e-02
5.006171663740224820e-02 2.896469923480777045e-02
3.773023104153749863e-02 2.631052227014623462e-02
2.656293671000504661e-02 2.329850057754921308e-02
1.697457837962379826e-02 1.949131779559566333e-02
8.752420028514128897e-03 1.452418610702245483e-02
3.287836105094723866e-03 9.282808692681677673e-03
7.344432140409453292e-04 4.256190250089534124e-03
2.230296559311017470e-04 -1.006599406529110237e-03
1.843503850718469219e-03 -6.737647461735976964e-03
5.698236948855020349e-03 -1.228207671301935998e-02
1.175369595035763264e-02 -1.689911262112910040e-02
2.100889961896629243e-02 -2.109087839781853199e-02
3.208597571180882291e-02 -2.471878449678212644e-02
4.371846198397497107e-02 -2.762686852069006632e-02
5.597192059287879606e-02 -3.012231719116584966e-02
6.846778954887830504e-02 -3.232794427802913872e-02
8.110822405564466209e-02 -3.427423864160751565e-02
9.387338697794672671e-02 -3.600131195553734481e-02
1.067433674171063551e-01 -3.755093132720807581e-02
1.196825803714637593e-01 -3.896198957590291112e-02
1.326425183836046906e-01 -4.024917813794946786e-02
1.456208634037742256e-01 -4.142022794430841315e-02
1.586173919520414699e-01 -4.248304279589145555e-02
1.716317889462502244e-01 -4.344556255084727758e-02
1.846639068286568541e-01 -4.431578350395679045e-02
1.977133377202164033e-01 -4.510172895525756120e-02
2.107798701076410985e-01 -4.581148137412050653e-02
2.238631568712046160e-01 -4.645316175226734540e-02
2.369628859393400622e-01 -4.703494071673786775e-02
2.500743818016014086e-01 -4.756413915379755636e-02
2.631875345335493721e-01 -4.804202371691051326e-02
2.763014978169128777e-01 -4.846738447059963095e-02
2.894159102592616661e-01 -4.883901295400385617e-02
3.025303762235850291e-01 -4.915570077051235193e-02
3.156445334496107979e-01 -4.941624152050137775e-02
3.287579942082465290e-01 -4.961942930971503796e-02
3.418703871752156731e-01 -4.976405968767165511e-02
3.549813357369645539e-01 -4.984892920057786003e-02
3.680904592049509816e-01 -4.987283552099593120e-02
3.811973926606044838e-01 -4.983457745130258354e-02
3.943017457674815041e-01 -4.973295497473813331e-02
4.074031622875046721e-01 -4.956676898585008623e-02
4.205012527366817632e-01 -4.933482181560949753e-02
4.335956571176415864e-01 -4.903591648973538303e-02
4.466859968662769131e-01 -4.866885745337504871e-02
4.597719018654959910e-01 -4.823245009345712708e-02
4.728530070689641596e-01 -4.772550066520001022e-02
4.859289320259407297e-01 -4.714681712365058341e-02
4.989954607901886385e-01 -4.649483818291749726e-02
5.120405439812165671e-01 -4.576241490515982335e-02
5.250625157427259992e-01 -4.493832542340455566e-02
5.380603858952239804e-01 -4.401135683506403329e-02
5.510332452901828271e-01 -4.297038280399213817e-02
5.639819948714659414e-01 -4.180430918959923692e-02
5.769306619093615973e-01 -4.050789674940333263e-02
5.898864295553567505e-01 -3.909063714320193395e-02
6.028481422845566318e-01 -3.756411695728335137e-02
6.158146095432304179e-01 -3.594002422642243039e-02
6.287836627334912887e-01 -3.423012439875822155e-02
6.417531377288787642e-01 -3.244459081665377470e-02
6.547246811202251937e-01 -3.059210242675830527e-02
6.677004602214900997e-01 -2.868130679369748290e-02
6.806824599576891677e-01 -2.672093373735885680e-02
6.936727891557324943e-01 -2.471975183854107846e-02
7.066735013192038117e-01 -2.268659562471431884e-02
7.196866636664364103e-01 -2.063035593756650313e-02
7.327143851736912517e-01 -1.855997587078517946e-02
7.457511133960020855e-01 -1.648567576164847517e-02
7.587726232909617341e-01 -1.442174887000600633e-02
7.717577603248891860e-01 -1.239407862554330574e-02
7.847066126740191994e-01 -1.043238909007271342e-02
7.976216310935156928e-01 -8.565541617768984706e-03
8.105044600458410908e-01 -6.821915103566810953e-03
8.233573163790851579e-01 -5.229217056995896264e-03
8.361822038727309003e-01 -3.814613082111322634e-03
8.489808195955402814e-01 -2.604737061261715083e-03
8.617556271937225620e-01 -1.625606479366919132e-03
8.745089184108650882e-01 -9.027567698074010936e-04
8.872456402266081232e-01 -4.608100440470298863e-04
8.999733231514762677e-01 -3.181704092500159268e-04
9.126806774449268689e-01 -4.889062021098098971e-04
9.253545820930270116e-01 -9.867683205944249858e-04
9.379820819965400958e-01 -1.825256167758267708e-03
9.505505930984989860e-01 -3.017634555255492134e-03
9.630479053997655914e-01 -4.576959385032565095e-03
9.754621083975472118e-01 -6.516094658658196613e-03
9.877816934741010524e-01 -8.847755667576126873e-03
9.999955884403202155e-01 -1.158456130385025415e-02
