
9.999984968400275065e-01 1.911570442870026807e-04
9.877736102486324166e-01 4.400069564385739908e-03
9.754530200430188147e-01 8.399291734178521499e-03
9.630420491390028204e-01 1.221156918966585445e-02
9.505460140658146262e-01 1.586004309982213395e-02
9.379709542367458130e-01 1.936806462251959918e-02
9.253229012391117614e-01 2.275944009663801587e-02
9.126078142929633374e-01 2.605845257407811075e-02
8.998324575595325614e-01 2.928964940868387587e-02
8.870235512062915051e-01 3.246798140245335529e-02
8.742029998558875636e-01 3.559026025329291298e-02
8.613709295191946946e-01 3.865404448124506315e-02
8.485274162594625968e-01 4.165690925360257535e-02
8.356725231601122017e-01 4.459643682746008281e-02
8.228063488977698237e-01 4.747020549614609786e-02
8.099289383121426322e-01 5.027580980664114740e-02
7.970403967040200488e-01 5.301083514117464757e-02
7.841407727966658303e-01 5.567288327326573583e-02
7.712301519001075745e-01 5.825955232747839080e-02
7.583086070997130390e-01 6.076844721829868790e-02
7.453761949705339784e-01 6.319718007815376681e-02
7.324330138028709580e-01 6.554335936012983810e-02
7.194790998217036604e-01 6.780460899877152614e-02
7.065145454116698032e-01 6.997854689174437537e-02
6.935371074679004266e-01 7.206341290204058836e-02
6.805342360727243411e-01 7.406478677572644886e-02
6.675048872171590597e-01 7.599217130274381338e-02
6.544506133101472001e-01 7.785497126842219617e-02
6.413727283499672804e-01 7.966269090778442530e-02
6.282728506879031727e-01 8.142485738913191051e-02
6.151523594869441336e-01 8.315109709729152920e-02
6.020128207783883578e-01 8.485107803418080741e-02
5.888658941134884417e-01 8.653128493232742358e-02
5.757291674528218772e-01 8.818508573520102145e-02
5.626022852470919933e-01 8.980334996265681990e-02
5.494845043948695107e-01 9.137704365312371291e-02
5.363749664946030338e-01 9.289720383798745484e-02
5.232730108979641859e-01 9.435490138734564658e-02
5.101777361058342786e-01 9.574129076572714114e-02
4.970881538144200085e-01 9.704760152237287829e-02
4.839961511977418640e-01 9.826802249227942210e-02
4.708985369890844042e-01 9.940092847437548285e-02
4.577957180998873943e-01 1.004449312673388467e-01
4.446880803092640999e-01 1.013986456949506620e-01
4.315760410443890693e-01 1.022606855973264145e-01
4.184599787014793848e-01 1.030296688553009599e-01
4.053402969258554922e-01 1.037042129343708208e-01
3.922173892128887895e-01 1.042829372391077536e-01
3.790916373019542762e-01 1.047644628072140066e-01
3.659634498336344355e-01 1.051474108940785024e-01
3.528331948246563043e-01 1.054304051990066077e-01
3.397012697824521310e-01 1.056120696168383055e-01
3.265680556181569938e-01 1.056910294799274785e-01
3.134339272596210479e-01 1.056659109755071768e-01
3.002993811398573798e-01 1.055353426873674311e-01
2.871874796745772507e-01 1.052937299364442858e-01
2.741270828733445297e-01 1.049162261640117777e-01
2.611241408462980362e-01 1.043730274609316472e-01
2.481841409470690318e-01 1.036349851751763307e-01
2.353127699019547658e-01 1.026736231787759024e-01
2.225152446140751250e-01 1.014610868713317626e-01
2.097963015014750188e-01 9.997009391898720176e-02
1.971569274903473279e-01 9.817351713648243827e-02
1.845213573879931346e-01 9.605429734203821401e-02
1.718514111321634563e-01 9.364553920866834635e-02
1.591442884447131501e-01 9.099265289063218631e-02
1.464067755361379286e-01 8.814439432241215344e-02
1.338048296095933620e-01 8.513753809535128114e-02
1.214265006906088268e-01 8.190671540129979000e-02
1.093013098592038601e-01 7.837060278884976083e-02
9.745557147428213218e-02 7.445322022170727805e-02
8.591144901528038891e-02 7.008285504481058525e-02
7.468594075333000182e-02 6.519042863772991914e-02
6.375927917264408162e-02 5.970344650456220481e-02
5.317562158678488388e-02 5.362124617182869452e-02
4.303546117685168315e-02 4.698330809449677292e-02
3.343466294879577499e-02 3.983223013638807763e-02
2.446022321748305903e-02 3.221066456360874297e-02
1.557408393809175777e-02 2.367187967214211264e-02
6.482317426765302378e-03 1.415086287862335479e-02
1.548013344417108975e-03 6.975992296138695467e-03
1.599090532249109863e-04 2.251233010512216151e-03
5.879708689903412160e-04 -1.471522630580559621e-03
3.053926138414432469e-03 -5.767449828436255373e-03
8.412999973320308897e-03 -1.030268139687527673e-02
1.532493844735952244e-02 -1.309078401272286557e-02
2.501496069425264424e-02 -1.407652653743092855e-02
3.835012686052746006e-02 -1.465887093802020757e-02
5.160555215939732765e-02 -1.523264288123095389e-02
6.471323616071923690e-02 -1.572484563992919415e-02
7.770308590913033164e-02 -1.606998041123301746e-02
9.067437424396190826e-02 -1.622878902035563425e-02
1.036697123382482461e-01 -1.621010184091960238e-02
1.166891063228673725e-01 -1.602841906079668921e-02
1.297327480226361240e-01 -1.569839763205093525e-02
1.428008295619340451e-01 -1.523485112651387988e-02
1.558932417725699127e-01 -1.465276788997738402e-02
1.690101832165336604e-01 -1.396729150018530090e-02
1.821515680959759353e-01 -1.319374809397177474e-02
1.953174255574071927e-01 -1.234763031843303174e-02
2.085078527370295975e-01 -1.144459886657410615e-02
2.217227362797925261e-01 -1.050050357792100056e-02
2.349623267359790546e-01 -9.531344891962233862e-03
2.482184291804826470e-01 -8.553922278506471619e-03
2.614550170989806688e-01 -7.587184189969748555e-03
2.746675697564262553e-01 -6.647636327836111726e-03
2.878559157865825391e-01 -5.751285394185557537e-03
3.010202927357410463e-01 -4.913933580753278470e-03
3.141647136384039807e-01 -4.150029123981639582e-03
3.272926043590146938e-01 -3.470867434211234552e-03
3.404044437817408397e-01 -2.887226098182534267e-03
3.535005084346448667e-01 -2.409807875693943495e-03
3.665813784170104395e-01 -2.049221148815806842e-03
3.796474204144796860e-01 -1.816001642611787164e-03
3.926991191704483075e-01 -1.720602460155716378e-03
4.057423655782309568e-01 -1.772944458701254970e-03
4.188170367956453588e-01 -1.968137563455218692e-03
4.319312707780863514e-01 -2.283518409434292899e-03
4.450848728296228907e-01 -2.694995457603144556e-03
4.582777103942548558e-01 -3.178055807287026233e-03
4.715092832796645705e-01 -3.707739584131839947e-03
4.847772740631552391e-01 -4.258568403890154730e-03
4.980287246604543916e-01 -4.802593790856087182e-03
5.112548473768532276e-01 -5.316493128281934814e-03
5.244805925267407298e-01 -5.795447362375958679e-03
5.377066335921595330e-01 -6.240236029583218387e-03
5.509331474273443385e-01 -6.651633561374381554e-03
5.641603199437108529e-01 -7.030415048070588237e-03
5.773883325311404136e-01 -7.377355791866337630e-03
5.906173658431386198e-01 -7.693231451372206132e-03
6.038476057820333365e-01 -7.978818175744714289e-03
6.170792278252477114e-01 -8.234892263553846015e-03
6.303124223472242882e-01 -8.462230688401614631e-03
6.435473599758627650e-01 -8.661610457290613505e-03
6.567842348139730779e-01 -8.833809337716241883e-03
6.700232154785443761e-01 -8.979605132129420131e-03
6.832644933817626498e-01 -9.099776323794425692e-03
6.965082413230723191e-01 -9.195101601393673371e-03
7.097532665618397907e-01 -9.266138515457123317e-03
7.229961024281481574e-01 -9.311492073094913141e-03
7.362362470308712048e-01 -9.328753605411943192e-03
7.494733888473202876e-01 -9.315509954660473532e-03
7.627072293555046123e-01 -9.269351961313539515e-03
7.759374419210078866e-01 -9.187874603158497494e-03
7.891637444739584284e-01 -9.068676631806178029e-03
8.023857942845847857e-01 -8.909361348185977636e-03
8.156033207538212482e-01 -8.707535315739043172e-03
8.288159839651094707e-01 -8.460810061347915495e-03
8.420235034546241781e-01 -8.166800185047345603e-03
8.552255573148747070e-01 -7.823125103285356180e-03
8.684218468047144590e-01 -7.427407779114219774e-03
8.816120722778227892e-01 -6.977275143248448490e-03
8.947959158792226919e-01 -6.470358814992258414e-03
9.079731019808993109e-01 -5.904292785133745565e-03
9.211432928574814216e-01 -5.276717663226768856e-03
9.343062272157558468e-01 -4.585274556144124103e-03
9.474615810759063894e-01 -3.827611545598316820e-03
9.606090738019539277e-01 -3.001378349007735331e-03
9.737484093579089617e-01 -2.104229347948055346e-03
9.868792855832915212e-01 -1.133823289191499906e-03
1.000001436585890469e+00 -8.781996353449330218e-05
