
1.000000633601856315e+00 2.503295142776977740e-03
9.873304255537567187e-01 5.374522491032616110e-03
9.746416687571909376e-01 8.429488610750225305e-03
9.619244576646216460e-01 1.163087885836086403e-02
9.491685027720708767e-01 1.494033141945324931e-02
9.363640588332231562e-01 1.831814494620810987e-02
9.235337080401472276e-01 2.171483553245029396e-02
9.107532707367896885e-01 2.506636964302074236e-02
8.980161866362703638e-01 2.833155063087384670e-02
8.852584760442846479e-01 3.150096936700477052e-02
8.724498807383601617e-01 3.459766280460444682e-02
8.595945678774592480e-01 3.764252580199353715e-02
8.466971134355500972e-01 4.065668781448092406e-02
8.337634476821499385e-01 4.366130297752734979e-02
8.208414399147748730e-01 4.666806959297987306e-02
8.079563876418982549e-01 4.969383080224710342e-02
7.950947263995308267e-01 5.276280657027378196e-02
7.822462670432128728e-01 5.583479114018226330e-02
7.695602300776636095e-01 5.874842935856900566e-02
7.570094002499984098e-01 6.138871959958684676e-02
7.445132712729742863e-01 6.366483712641808623e-02
7.316696628020550319e-01 6.569453996270466223e-02
7.186671349589035529e-01 6.769106771083960306e-02
7.060726385430641239e-01 6.982963023391609847e-02
6.938256172128849375e-01 7.234128237003281670e-02
6.813652038871084171e-01 7.533045363515913917e-02
6.685937124852318059e-01 7.857314618732363920e-02
6.560610230537792242e-01 8.164034598146990840e-02
6.437743892668307266e-01 8.427144775642640695e-02
6.312874690321012006e-01 8.650283809587837325e-02
6.185412103438625575e-01 8.845547026819701453e-02
6.055506309768728945e-01 9.025240807207593474e-02
5.923890586509933387e-01 9.201506558726181562e-02
5.792764877727292205e-01 9.374699854245684139e-02
5.662403792503900579e-01 9.539252753536368867e-02
5.532739705612224057e-01 9.689998107792047177e-02
5.403423752647981138e-01 9.822711991595754755e-02
5.273726664735520764e-01 9.937740333674233151e-02
5.143623489743854860e-01 1.003682076779444099e-01
5.013126523279867186e-01 1.012169043470143859e-01
4.882251851793544817e-01 1.019410614735401927e-01
4.751015087531953451e-01 1.025584832024141607e-01
4.619430340835353754e-01 1.030872135932481559e-01
4.487519429510613000e-01 1.035455016199887252e-01
4.355554607802046840e-01 1.039446404305570393e-01
4.223730078191120785e-01 1.042771156392355847e-01
4.092055726780944314e-01 1.045324929521747742e-01
3.960540592894220557e-01 1.047004175926456726e-01
3.829193087297947384e-01 1.047706113692240815e-01
3.698023429167318077e-01 1.047328715500491780e-01
3.567038964950232094e-01 1.045770709689554517e-01
3.436249055425782961e-01 1.042931574106677334e-01
3.305661913624414749e-01 1.038711514248640277e-01
3.175284856646434228e-01 1.033011411946512526e-01
3.045126676176571623e-01 1.025732912128095864e-01
2.915048852035355686e-01 1.016787808284247557e-01
2.784587394906778424e-01 1.006303735242202041e-01
2.653700547091375483e-01 9.946002191881274379e-02
2.522398075580081223e-01 9.820111056284025475e-02
2.391121885409182857e-01 9.688416745383296447e-02
2.260699372022827447e-01 9.549076683998744541e-02
2.131164587956582979e-01 9.397384743233105908e-02
2.002530912201058722e-01 9.228764908735288819e-02
1.874635536731562302e-01 9.038917708093624492e-02
1.747388014624162156e-01 8.825330373674000750e-02
1.620914666190163833e-01 8.586254605678689256e-02
1.495336652441043856e-01 8.319966710259919795e-02
1.370774242510005569e-01 8.024774583154936636e-02
1.247345657279894660e-01 7.699015805945889912e-02
1.125571000608611288e-01 7.341398843928671758e-02
1.006063080880289645e-01 6.948087452938012110e-02
8.891026144835879885e-02 6.513926553552562559e-02
7.749405979392372246e-02 6.033952819035084958e-02
6.630314268920102505e-02 5.500981775201541080e-02
5.517462092216816882e-02 4.912868486682407665e-02
4.418536567329453546e-02 4.283997251809609774e-02
3.388848666232478768e-02 3.635330902461091085e-02
2.453188208734344983e-02 2.955807218515099644e-02
1.555697449043582856e-02 2.185340613869229953e-02
6.526819690507408740e-03 1.295838471436687456e-02
1.660197638945218974e-03 6.144737356386223426e-03
2.967539316951846220e-04 1.698408240252676036e-03
6.789313144467053500e-04 -1.843311762552808913e-03
3.041223531944232603e-03 -6.077715948497334521e-03
8.815988866867279644e-03 -1.125282805005102874e-02
1.735431649332027162e-02 -1.557590886791804241e-02
2.893831127487979035e-02 -1.941228415490307488e-02
4.111994964874353398e-02 -2.358357318195476726e-02
5.274309419888532913e-02 -2.729788364115175517e-02
6.459244511160223967e-02 -3.041083990551536262e-02
7.687230848361414903e-02 -3.306066307332104770e-02
8.932537924935567142e-02 -3.528769999936778173e-02
1.018556809197435908e-01 -3.710221523929738141e-02
1.144521042640722353e-01 -3.852116815823701523e-02
1.271030362932251689e-01 -3.956169344120845366e-02
1.397964107544552026e-01 -4.024116143143972174e-02
1.525261741149597228e-01 -4.057755113182339585e-02
1.654706204200905861e-01 -4.063986468670389290e-02
1.786402291777715312e-01 -4.061348646520446248e-02
1.918523479091826522e-01 -4.061764417843950759e-02
2.049944862356809505e-01 -4.058994977910467677e-02
2.180240530785459430e-01 -4.045069979098291774e-02
2.309770368722565415e-01 -4.012636614021520415e-02
2.440504455338982914e-01 -3.961788928557168771e-02
2.572600888551339060e-01 -3.901705213549845619e-02
2.705040690377148449e-01 -3.838468629511702923e-02
2.837685469825279583e-01 -3.773919912860104059e-02
2.970214779123740434e-01 -3.709873161201197866e-02
3.102635031670196719e-01 -3.647772753996325612e-02
3.235214907124145944e-01 -3.587274745274202092e-02
3.367937190181513052e-01 -3.527370417337237496e-02
3.500570607153841163e-01 -3.467137692025501483e-02
3.633134424498769555e-01 -3.405745377344809866e-02
3.765716876696691973e-01 -3.343129964581618985e-02
3.898319229078671677e-01 -3.279464332158277956e-02
4.030942627390401434e-01 -3.214921612327950595e-02
4.163587820339277878e-01 -3.149675335320756275e-02
4.296256018376379826e-01 -3.083899011467408982e-02
4.428947913992511976e-01 -3.017766613351720306e-02
4.561664558976159523e-01 -2.951452142463675821e-02
4.694379330641464954e-01 -2.885143620895436189e-02
4.827068318104904554e-01 -2.819027707299306268e-02
4.959732636430531638e-01 -2.753278359566664266e-02
5.092373034213839578e-01 -2.688069510565996648e-02
5.224990662824914311e-01 -2.623574687800054456e-02
5.357586329254655499e-01 -2.559967381167991066e-02
5.490161120023524521e-01 -2.497420739398509282e-02
5.622742819799851910e-01 -2.436040263638026768e-02
5.755365897396410579e-01 -2.375652552130424686e-02
5.888029668676806327e-01 -2.316014117554917803e-02
6.020732981070323619e-01 -2.256881256726496823e-02
6.153474614092968586e-01 -2.198009889953908558e-02
6.286225767024179456e-01 -2.139167768544289819e-02
6.418940208178816054e-01 -2.080130293105366887e-02
6.551615726285616725e-01 -2.020653712150185036e-02
6.684251361716124773e-01 -1.960494124634084082e-02
6.816845701955250858e-01 -1.899408240460594491e-02
6.949397880819262463e-01 -1.837152923948068284e-02
7.081918751739122442e-01 -1.773496063632301611e-02
7.214453707293797535e-01 -1.708416181085838439e-02
7.347008563576140627e-01 -1.642077626903050425e-02
7.479583836895062898e-01 -1.574651349428684774e-02
7.612180542205505551e-01 -1.506308246444226437e-02
7.744799263434488656e-01 -1.437219636341269952e-02
7.877440954508736493e-01 -1.367556847127298671e-02
8.010106261165795827e-01 -1.297491568772475221e-02
8.142796082794259149e-01 -1.227195559363195194e-02
8.275496927463643626e-01 -1.156848403684591214e-02
8.408173912447476361e-01 -1.086641096622860403e-02
8.540828201720406243e-01 -1.016743955688360207e-02
8.673491085372717624e-01 -9.472079645096949385e-03
8.806172968909966592e-01 -8.779233017856822793e-03
8.938873396954134520e-01 -8.087695543602450160e-03
9.071579148669138837e-01 -7.396328635665156553e-03
9.204267019925140847e-01 -6.704045495552440719e-03
9.336935868451542442e-01 -6.009645245833309529e-03
9.469585372241655641e-01 -5.311923720555091800e-03
9.602214986790904572e-01 -4.609678910327047116e-03
9.734824430088006020e-01 -3.901708404664101966e-03
9.867413118683967532e-01 -3.186812383682843114e-03
9.999980813678924774e-01 -2.463790159604847124e-03
